   0.0000000e+00  -1.3173900e-02   2.9846200e-02   3.0058500e+00  -2.6641400e-02  -1.7279900e-01   1.2820100e+00  -1.9516600e-01  -3.1595400e-02  -2.8287400e-01   5.9985400e-02  -4.6639400e-02   1.3549500e+00   1.1553400e-01   1.0014800e-01  -1.8228100e+00
   1.0000000e-01  -2.7234903e-02   3.1766688e-02   3.0058500e+00  -1.3876750e-02  -1.2983362e-01   1.2820100e+00  -1.7457534e-01  -3.7580457e-02  -2.8287400e-01   6.6726624e-02  -1.5894347e-02   1.3549500e+00   1.0826982e-01   7.1936275e-02  -1.8228100e+00
   2.0000000e-01  -3.9643694e-02   3.3461513e-02   3.0058500e+00  -2.6119857e-03  -9.1916803e-02   1.2820100e+00  -1.5640415e-01  -4.2862251e-02  -2.8287400e-01   7.2675733e-02   1.1238066e-02   1.3549500e+00   1.0185920e-01   4.7039516e-02  -1.8228100e+00
   3.0000000e-01  -5.1885411e-02   3.4219340e-02  -2.8944100e+00   6.1812702e-04  -5.4912169e-02   1.8589600e+00  -1.4036813e-01  -4.7523418e-02  -2.8287400e-01   7.7925803e-02   3.5182337e-02   1.3549500e+00   9.6201854e-02   2.5068203e-02  -1.8228100e+00
   4.0000000e-01  -7.3323942e-02   2.8809476e-02  -2.8944100e+00  -1.1386897e-02  -1.4411306e-02   1.8589600e+00  -1.0848676e-01  -4.0634082e-02   2.1543000e-01   7.5947498e-02   4.9056003e-02   2.1980700e+00   9.1209261e-02   5.6785867e-03  -1.8228100e+00
   5.0000000e-01  -9.2243379e-02   2.4035288e-02  -2.8944100e+00  -2.1981293e-02   2.1330580e-02   1.8589600e+00  -8.0160491e-02  -3.4435565e-02   2.1543000e-01   7.0231150e-02   5.6941193e-02   2.1980700e+00   8.6803312e-02  -1.1432689e-02  -1.8228100e+00
   6.0000000e-01  -1.0195877e-01   1.9646917e-02  -2.5556900e+00  -3.7012429e-02   4.1775130e-02   2.4361700e+00  -6.2672687e-02  -2.6493955e-02   7.0974300e-01   6.5186491e-02   6.3899849e-02   2.1980700e+00   8.2915077e-02  -2.6533337e-02  -1.8228100e+00
   7.0000000e-01  -1.0789429e-01   1.5707881e-02  -2.5556900e+00  -5.2682869e-02   5.5120089e-02   2.4361700e+00  -5.2499823e-02  -1.7754632e-02   7.0974300e-01   6.0734595e-02   7.0040841e-02   2.1980700e+00   7.7825917e-02  -3.8942300e-02  -2.5593900e+00
   8.0000000e-01  -1.1313237e-01   1.2231693e-02  -2.5556900e+00  -6.6511985e-02   6.6896974e-02   2.4361700e+00  -4.3522302e-02  -1.0042206e-02   7.0974300e-01   5.0316851e-02   7.1983719e-02   2.9736200e+00   6.6738060e-02  -4.6241671e-02  -2.5593900e+00
   9.0000000e-01  -1.1775496e-01   9.1639686e-03  -2.5556900e+00  -8.0880487e-02   7.4897754e-02   2.9716800e+00  -3.5599667e-02  -3.2360142e-03   7.0974300e-01   4.0902632e-02   7.3580093e-02   2.9736200e+00   5.6953060e-02  -5.2683343e-02  -2.5593900e+00
   1.0000000e+00  -1.2183439e-01   6.4567111e-03  -2.5556900e+00  -9.7386622e-02   7.7729660e-02   2.9716800e+00  -2.8607967e-02   2.7704290e-03   7.0974300e-01   3.2594613e-02   7.4988887e-02   2.9736200e+00   4.8317829e-02  -5.8368099e-02  -2.5593900e+00
   1.1000000e+00  -1.2606016e-01   3.9093597e-03  -2.7150400e+00  -1.1195324e-01   8.0228809e-02   2.9716800e+00  -2.2437813e-02   8.0710965e-03   7.0974300e-01   1.9240104e-02   7.2092230e-02  -2.7897200e+00   4.0697263e-02  -6.3384878e-02  -2.5593900e+00
   1.2000000e+00  -1.3253094e-01   9.6868188e-04  -2.7150400e+00  -1.2480823e-01   8.2434300e-02   2.9716800e+00  -1.6992671e-02   1.2748919e-02   7.0974300e-01   1.9241515e-03   6.5734641e-02  -2.7897200e+00   3.3972138e-02  -6.7812170e-02  -2.5593900e+00
   1.3000000e+00  -1.3824138e-01  -1.6264572e-03  -2.7150400e+00  -1.3615272e-01   8.4380639e-02   2.9716800e+00  -1.2187350e-02   1.6877083e-02   7.0974300e-01  -1.3357123e-02   6.0124089e-02  -2.7897200e+00   2.8037236e-02  -7.1719241e-02  -2.5593900e+00
   1.4000000e+00  -1.4328083e-01  -3.9166593e-03  -2.7150400e+00  -1.4103685e-01   8.3556569e-02  -2.9082400e+00  -7.9466698e-03   2.0520175e-02   7.0974300e-01  -2.6842801e-02   5.5172793e-02  -2.7897200e+00   2.2799703e-02  -7.5167220e-02  -2.5593900e+00
   1.5000000e+00  -1.4772812e-01  -5.9377556e-03  -2.7150400e+00  -1.4494226e-01   8.2628321e-02  -2.9082400e+00  -5.3024244e-03   3.2823420e-02   1.4201200e+00  -3.8743870e-02   5.0803291e-02  -2.7897200e+00  -4.1407673e-03  -8.1611151e-02  -2.9112100e+00
   1.6000000e+00  -1.5165285e-01  -7.7213669e-03  -2.7150400e+00  -1.4838877e-01   8.1809145e-02  -2.9082400e+00  -3.2725866e-03   4.6192827e-02   1.4201200e+00  -4.9246526e-02   4.6947218e-02  -2.7897200e+00  -2.9262795e-02  -8.7503448e-02  -2.9112100e+00
   1.7000000e+00  -1.5511640e-01  -9.2953983e-03  -2.7150400e+00  -1.5143031e-01   8.1086225e-02  -2.9082400e+00  -1.4812610e-03   5.7991287e-02   1.4201200e+00  -5.8515088e-02   4.3544246e-02  -2.7897200e+00  -6.2268313e-02  -8.4565309e-02   2.6966200e+00
   1.8000000e+00  -1.6494151e-01  -1.3125019e-02  -2.7708300e+00  -1.5411445e-01   8.0448251e-02  -2.9082400e+00   9.9578258e-05   6.8403392e-02   1.4201200e+00  -6.6694565e-02   4.0541134e-02  -2.7897200e+00  -9.7709835e-02  -5.8907257e-02   2.0525100e+00
   1.9000000e+00  -1.7392633e-01  -1.6617787e-02  -2.7708300e+00  -1.5648320e-01   7.9885240e-02  -2.9082400e+00   1.4946640e-03   7.7592042e-02   1.4201200e+00  -7.3912928e-02   3.7890896e-02  -2.7897200e+00  -1.0694579e-01  -4.1240635e-02   2.0525100e+00
   2.0000000e+00  -1.8185541e-01  -1.9700143e-02  -2.7708300e+00  -1.5857361e-01   7.9388385e-02  -2.9082400e+00   2.7258229e-03   8.5700997e-02   1.4201200e+00  -8.6657578e-02   3.3807563e-02  -2.8360500e+00  -1.1509648e-01  -2.5649895e-02   2.0525100e+00
   2.1000000e+00  -1.8885280e-01  -2.2420313e-02  -2.7708300e+00  -1.6041840e-01   7.8949912e-02  -2.9082400e+00   3.8123168e-03   9.2857125e-02   1.4201200e+00  -9.9233547e-02   2.9840854e-02  -2.8360500e+00  -1.2228945e-01  -1.1891115e-02   2.0525100e+00
   2.2000000e+00  -1.9502797e-01  -2.4820854e-02  -2.7708300e+00  -1.6204641e-01   7.8562961e-02  -2.9082400e+00   4.7711442e-03   9.9172386e-02   1.4201200e+00  -1.0536711e-01   2.8366145e-02  -2.9634100e+00  -1.2863722e-01   2.5096503e-04   2.0525100e+00
   2.3000000e+00  -2.0034140e-01  -2.6849740e-02  -2.8483500e+00  -1.6410044e-01   7.8056946e-02  -2.8838300e+00   5.6173065e-03   1.0474558e-01   1.4201200e+00  -1.0934739e-01   2.7649327e-02  -2.9634100e+00  -1.3635412e-01   5.6398773e-03   2.5863000e+00
   2.4000000e+00  -2.0397436e-01  -2.7946704e-02  -2.8483500e+00  -1.7612865e-01   7.4885980e-02  -2.8838300e+00   6.3640421e-03   1.0966391e-01   1.4201200e+00  -1.1285997e-01   2.7016737e-02  -2.9634100e+00  -1.4333334e-01   9.9698588e-03   2.5863000e+00
   2.5000000e+00  -2.0718043e-01  -2.8914770e-02  -2.8483500e+00  -1.8674351e-01   7.2087613e-02  -2.8838300e+00  -2.0377564e-03   1.2112620e-01   2.2926200e+00  -1.1595981e-01   2.6458478e-02  -2.9634100e+00  -1.5189319e-01   1.2861725e-02   3.0148800e+00
   2.6000000e+00  -2.1000978e-01  -2.9769086e-02  -2.8483500e+00  -1.9611110e-01   6.9618063e-02  -2.8838300e+00  -1.4291145e-02   1.3504576e-01   2.2926200e+00  -1.1869541e-01   2.5965817e-02  -2.9634100e+00  -1.6253882e-01   1.4217928e-02   3.0148800e+00
   2.7000000e+00  -2.1250668e-01  -3.0523017e-02  -2.8483500e+00  -2.0289644e-01   6.7357542e-02  -2.7939900e+00  -2.5104723e-02   1.4732974e-01   2.2926200e+00  -1.2110957e-01   2.5531045e-02  -2.9634100e+00  -1.7193356e-01   1.5414773e-02   3.0148800e+00
   2.8000000e+00  -2.1370756e-01  -3.0719700e-02  -3.0574700e+00  -2.0846556e-01   6.5339772e-02  -2.7939900e+00  -3.5309056e-02   1.5749433e-01   3.0093700e+00  -1.2963312e-01   2.6602810e-02   2.9534800e+00  -1.8022439e-01   1.6470985e-02   3.0148800e+00
   2.9000000e+00  -2.1454772e-01  -3.0790544e-02  -3.0574700e+00  -2.1338029e-01   6.3559096e-02  -2.7939900e+00  -5.1043277e-02   1.5958696e-01   3.0093700e+00  -1.4978282e-01   2.9664617e-02  -3.0908600e+00  -1.8754103e-01   1.7403089e-02   3.0148800e+00
   3.0000000e+00  -2.1528915e-01  -3.0853063e-02  -3.0574700e+00  -1.9369538e-01   5.3809178e-02  -3.9944200e-01  -6.4928677e-02   1.6143370e-01   3.0093700e+00  -1.6587836e-01   2.8847347e-02  -3.0908600e+00  -1.9399793e-01   1.8225667e-02   3.0148800e+00
   3.1000000e+00  -2.1609769e-01  -3.0859285e-02   3.0406000e+00  -1.6076045e-01   3.9906172e-02  -3.9944200e-01  -7.7182501e-02   1.6306344e-01   3.0093700e+00  -1.8008262e-01   2.8126108e-02  -3.0908600e+00  -1.9969613e-01   1.8951591e-02   3.0148800e+00
   3.2000000e+00  -2.1717000e-01  -3.0750619e-02   3.0406000e+00  -1.3169548e-01   2.7636812e-02  -3.9944200e-01  -8.7996462e-02   1.6450168e-01   3.0093700e+00  -1.9261784e-01   2.7489617e-02  -3.0908600e+00  -2.0303990e-01   1.9507069e-02   2.9537900e+00
   3.3000000e+00  -2.1811632e-01  -3.0654722e-02   3.0406000e+00  -1.1159031e-01   1.6687862e-02  -7.7455200e-01  -9.7539749e-02   1.6577093e-01   3.0093700e+00  -2.0187799e-01   2.7037987e-02  -3.1366700e+00  -2.0548582e-01   1.9971897e-02   2.9537900e+00
   3.4000000e+00  -1.8824896e-01  -3.7097983e-02  -2.1093200e-01  -1.0154508e-01   6.8582070e-03  -7.7455200e-01  -1.0596167e-01   1.6689103e-01   3.0093700e+00  -2.0368398e-01   2.7029096e-02  -3.1366700e+00  -2.0764434e-01   2.0382106e-02   2.9537900e+00
   3.5000000e+00  -1.3335993e-01  -4.8850655e-02  -2.1093200e-01  -9.2680192e-02  -1.8164332e-03  -7.7455200e-01  -1.1294677e-01   1.6741466e-01  -2.3733300e+00  -2.0527775e-01   2.7021251e-02  -3.1366700e+00  -2.0954923e-01   2.0744115e-02   2.9537900e+00
   3.6000000e+00  -9.3797733e-02  -5.6497710e-02   3.5609600e-01  -8.4856959e-02  -9.4717764e-03  -7.7455200e-01  -1.1591095e-01   1.6455036e-01  -2.3733300e+00  -2.0668425e-01   2.7014327e-02  -3.1366700e+00  -2.1158055e-01   2.0654477e-02  -3.0832000e+00
   3.7000000e+00  -8.7952882e-02  -5.4323705e-02   3.5609600e-01  -7.7952981e-02  -1.6227593e-02  -7.7455200e-01  -1.1852684e-01   1.6202262e-01  -2.3733300e+00  -2.0792548e-01   2.7008217e-02  -3.1366700e+00  -2.1339716e-01   2.0548280e-02  -3.0832000e+00
   3.8000000e+00  -8.2794819e-02  -5.2405151e-02   3.5609600e-01  -7.1860241e-02  -2.2189580e-02  -7.7455200e-01  -1.1900774e-01   1.5665061e-01  -1.6407400e+00  -2.0902087e-01   2.7002824e-02  -3.1366700e+00  -2.1500031e-01   2.0454561e-02  -3.0832000e+00
   3.9000000e+00  -7.8242844e-02  -5.0712034e-02   3.5609600e-01  -6.5858681e-02  -3.3567595e-02  -1.0935100e+00  -1.1934981e-01   1.5176796e-01  -1.6407400e+00  -2.0998754e-01   2.6998066e-02  -3.1366700e+00  -2.1641508e-01   2.0371855e-02  -3.0832000e+00
   4.0000000e+00  -7.4225741e-02  -4.9217864e-02   3.5609600e-01  -6.0536656e-02  -4.3858334e-02  -1.0935100e+00  -1.2307178e-01   1.4076755e-01  -1.9698100e+00  -2.1084063e-01   2.6993866e-02  -3.1366700e+00  -2.1766361e-01   2.0298867e-02  -3.0832000e+00
   4.1000000e+00  -7.0680659e-02  -4.7899263e-02   3.5609600e-01  -5.5839985e-02  -5.2939879e-02  -1.0935100e+00  -1.3097152e-01   1.2203141e-01  -1.9698100e+00  -2.1159347e-01   2.6990160e-02  -3.1366700e+00  -2.1885074e-01   2.0068013e-02  -2.5938100e+00
   4.2000000e+00  -6.7552136e-02  -4.6735601e-02   3.5609600e-01  -5.1695187e-02  -6.0954315e-02  -1.0935100e+00  -1.3794301e-01   1.0549683e-01  -1.9698100e+00  -2.1225786e-01   2.6986890e-02  -3.1366700e+00  -2.2021921e-01   1.9233165e-02  -2.5938100e+00
   4.3000000e+00  -5.5363358e-02  -3.0134904e-02   9.3747900e-01  -4.8037416e-02  -6.8027029e-02  -1.0935100e+00  -1.4409534e-01   9.0905111e-02  -1.9698100e+00  -2.1284417e-01   2.6984004e-02  -3.1366700e+00  -2.2142688e-01   1.8496414e-02  -2.5938100e+00
   4.4000000e+00  -4.4605072e-02  -1.5481989e-02   9.3747900e-01  -4.4809444e-02  -7.4268678e-02  -1.0935100e+00  -1.4285184e-01   8.1056175e-02  -1.4448500e+00  -2.1336160e-01   2.6981456e-02  -3.1366700e+00  -2.2249265e-01   1.7846234e-02  -2.5938100e+00
   4.5000000e+00  -3.5110917e-02  -2.5508365e-03   9.3747900e-01  -4.1960769e-02  -7.9776914e-02  -1.0935100e+00  -1.4175163e-01   7.2366920e-02  -1.4448500e+00  -2.1607402e-01   2.5414085e-02  -2.5912100e+00  -2.2343318e-01   1.7272452e-02  -2.5938100e+00
   4.6000000e+00  -2.6732355e-02   8.8608654e-03   9.3747900e-01  -3.9446822e-02  -8.4637914e-02  -1.0935100e+00  -1.4078071e-01   6.4698680e-02  -1.4448500e+00  -2.1952903e-01   2.3293984e-02  -2.5912100e+00  -2.2474886e-01   1.1420044e-02  -1.7033400e+00
   4.7000000e+00  -1.9338301e-02   1.8931657e-02   9.3747900e-01  -3.7228272e-02  -8.8927733e-02  -1.0935100e+00  -1.3549869e-01   5.4665559e-02  -7.2598400e-01  -2.2178903e-01   1.6831194e-02  -1.6934700e+00  -2.2692192e-01  -4.8788744e-03  -1.7033400e+00
   4.8000000e+00  -1.2813070e-02   2.7819099e-02   9.3747900e-01  -3.5270408e-02  -9.2713484e-02  -1.0935100e+00  -9.9297787e-02   2.2529616e-02  -7.2598400e-01  -2.2303199e-01   6.7497700e-03  -1.6934700e+00  -2.2883963e-01  -1.9262620e-02  -1.7033400e+00
   4.9000000e+00  -7.6172011e-03   3.5413701e-02   1.4241800e+00  -3.3542599e-02  -9.6054398e-02  -1.0935100e+00  -6.5668176e-02  -2.9724939e-03  -1.7459700e-01  -2.2412891e-01  -2.1470552e-03  -1.6934700e+00  -2.3053201e-01  -3.1956230e-02  -1.7033400e+00
   5.0000000e+00  -6.8786514e-03   4.0414850e-02   1.4241800e+00  -3.0223164e-02  -9.9171419e-02  -5.7285200e-01  -2.6771817e-02  -9.8335414e-03  -1.7459700e-01  -2.2509693e-01  -9.9984759e-03  -1.6934700e+00  -2.3202553e-01  -4.3158303e-02  -1.7033400e+00
   5.1000000e+00  -6.2268835e-03   4.4828348e-02   1.4241800e+00  -2.5729486e-02  -1.0206984e-01  -5.7285200e-01   7.5541001e-03  -1.5888394e-02  -1.7459700e-01  -2.2595121e-01  -1.6927330e-02  -1.6934700e+00  -2.3168364e-01  -4.9322034e-02  -8.2287900e-01
   5.2000000e+00  -5.6517005e-03   4.8723246e-02   1.4241800e+00  -2.1763828e-02  -1.0462769e-01  -5.7285200e-01   3.7846615e-02  -2.1231784e-02  -1.7459700e-01  -2.2670511e-01  -2.3042023e-02  -1.6934700e+00  -2.2984150e-01  -5.1307710e-02  -8.2287900e-01
   5.3000000e+00  -7.2433661e-03   5.5120700e-02   2.0155800e+00  -1.8264148e-02  -1.0688498e-01  -5.7285200e-01   6.4579666e-02  -2.5947308e-02  -1.7459700e-01  -2.2737042e-01  -2.8438220e-02  -1.6934700e+00  -2.2821582e-01  -5.3060062e-02  -8.2287900e-01
   5.4000000e+00  -1.2570611e-02   6.6297419e-02   2.0155800e+00   4.2209669e-03  -1.0396205e-01   1.5493000e-01   8.7824509e-02  -2.2557104e-02   3.2877500e-01  -2.2795755e-01  -3.3200348e-02  -1.6934700e+00  -2.2678116e-01  -5.4606508e-02  -8.2287900e-01
   5.5000000e+00  -1.7271889e-02   7.6160839e-02   2.0155800e+00   2.9409837e-02  -1.0002802e-01   1.5493000e-01   1.0815708e-01  -1.5620510e-02   3.2877500e-01  -2.2847570e-01  -3.7402910e-02  -1.6934700e+00  -2.2498083e-01  -5.5950758e-02  -7.9803400e-02
   5.6000000e+00  -2.1420751e-02   8.4865277e-02   2.0155800e+00   4.6537132e-02  -9.2933951e-02   1.0442500e+00   1.2610051e-01  -9.4989880e-03   3.2877500e-01  -2.1598826e-01  -5.4394133e-02  -8.6348300e-01  -2.1444423e-01  -5.6793403e-02  -7.9803400e-02
   5.7000000e+00  -2.5082110e-02   9.2546916e-02   2.0155800e+00   5.3529455e-02  -8.0904916e-02   1.0442500e+00   1.4547334e-01   6.5016227e-03   1.0446200e+00  -1.9033566e-01  -8.4401816e-02  -8.6348300e-01  -2.0514572e-01  -5.7537036e-02  -7.9803400e-02
   5.8000000e+00  -2.8313247e-02   9.9325939e-02   2.0155800e+00   5.9700157e-02  -7.0289330e-02   1.0442500e+00   1.7458341e-01   5.6622955e-02   1.0446200e+00  -1.6769731e-01  -1.1088350e-01  -8.6348300e-01  -1.9416964e-01  -5.2028412e-02   5.7012300e-01
   5.9000000e+00  -4.2202257e-02   1.1019461e-01   2.5634900e+00   6.5145783e-02  -6.0921109e-02   1.0442500e+00   1.8188395e-01   8.0672618e-02   1.7140100e+00  -1.4771905e-01  -1.3425351e-01  -8.6348300e-01  -1.8363162e-01  -4.5272047e-02   5.7012300e-01
   6.0000000e+00  -6.2059966e-02   1.2315097e-01   2.5634900e+00   6.9951531e-02  -5.2653682e-02   1.0442500e+00   1.8012197e-01   9.2891560e-02   1.7140100e+00  -1.3042576e-01  -1.5200249e-01  -3.3646000e-02  -1.7433185e-01  -3.9309576e-02   5.7012300e-01
   6.1000000e+00  -7.9584332e-02   1.3458492e-01   2.5634900e+00   7.4192589e-02  -4.5357704e-02   1.0442500e+00   1.7856703e-01   1.0367474e-01   1.7140100e+00  -1.1695322e-01  -1.5245595e-01  -3.3646000e-02  -1.6612484e-01  -3.4047713e-02   5.7012300e-01
   6.2000000e+00  -9.5412145e-02   1.3578351e-01  -3.1297700e+00   7.7935309e-02  -3.8919025e-02   1.0442500e+00   1.7719480e-01   1.1319086e-01   1.7140100e+00  -1.0506374e-01  -1.5285614e-01  -3.3646000e-02  -1.5888218e-01  -2.9404136e-02   5.7012300e-01
   6.3000000e+00  -1.0943113e-01   1.3561776e-01  -3.1297700e+00   8.1238248e-02  -3.3236912e-02   1.0442500e+00   1.7598380e-01   1.2158881e-01   1.7140100e+00  -9.4571312e-02  -1.5320930e-01  -3.3646000e-02  -1.5249055e-01  -2.5306193e-02   5.7012300e-01
   6.4000000e+00  -1.2180285e-01   1.3547149e-01  -3.1297700e+00   8.4153082e-02  -2.8222464e-02   1.0442500e+00   1.7491511e-01   1.2899997e-01   1.7140100e+00  -8.5311778e-02  -1.5352096e-01  -3.3646000e-02  -1.4684233e-01  -1.8265837e-02   1.1257900e+00
   6.5000000e+00  -1.3272084e-01   1.3534240e-01  -3.1297700e+00   8.6268413e-02  -2.2661753e-02   1.8157400e+00   1.6934728e-01   1.3746467e-01   2.4461900e+00  -7.6704407e-02  -1.4752747e-01   6.4753900e-01  -1.4184702e-01  -7.7915429e-03   1.1257900e+00
   6.6000000e+00  -1.4235594e-01   1.3522849e-01  -3.1297700e+00   7.9962510e-02   2.5656098e-03   1.8157400e+00   1.5638203e-01   1.4828364e-01   2.4461900e+00  -6.9075540e-02  -1.4175754e-01   6.4753900e-01  -1.3743868e-01   1.4519895e-03   1.1257900e+00
   6.7000000e+00  -1.5085889e-01   1.3512795e-01  -3.1297700e+00   7.4397571e-02   2.4828679e-02   1.8157400e+00   1.4494024e-01   1.5783136e-01   2.4461900e+00  -6.2343089e-02  -1.3666560e-01   6.4753900e-01  -1.3354833e-01   9.6093782e-03   1.1257900e+00
   6.8000000e+00  -1.5836271e-01   1.3503924e-01  -3.1297700e+00   6.9486529e-02   4.4475769e-02   1.8157400e+00   1.3484289e-01   1.6625719e-01   2.4461900e+00  -5.6401721e-02  -1.3217197e-01   6.4753900e-01  -1.3011511e-01   1.6808248e-02   1.1257900e+00
   6.9000000e+00  -1.6692348e-01   1.3223906e-01  -2.3922500e+00   6.5152549e-02   6.1814265e-02   1.8157400e+00   1.2593202e-01   1.7369295e-01   2.4461900e+00  -5.4497563e-02  -1.2812585e-01   1.3026500e+00  -1.2852634e-01   2.6894117e-02   1.7202800e+00
   7.0000000e+00  -1.8411814e-01   1.1624168e-01  -2.3922500e+00   4.6803505e-02   8.0589185e-02   2.5087100e+00   1.1806820e-01   1.8025500e-01   2.4461900e+00  -5.3511962e-02  -1.2453877e-01   1.3026500e+00  -1.3161862e-01   4.7426243e-02   1.7202800e+00
   7.1000000e+00  -1.9929237e-01   1.0212404e-01  -2.3922500e+00   2.1122010e-02   9.9427566e-02   2.5087100e+00   1.1112840e-01   1.8604598e-01   2.4461900e+00  -5.2642173e-02  -1.2137318e-01   1.3026500e+00  -1.3434756e-01   6.5545781e-02   1.7202800e+00
   7.2000000e+00  -2.0173404e-01   9.7582999e-02  -1.8346300e+00  -2.4405897e-02   1.1483996e-01   3.0832500e+00   1.0500405e-01   1.9115650e-01   2.4461900e+00  -5.1874587e-02  -1.1857955e-01   1.3026500e+00  -1.3675583e-01   8.1536217e-02   1.7202800e+00
   7.3000000e+00  -2.0255647e-01   9.4538425e-02  -1.8346300e+00  -1.2310708e-01   1.1630723e-01  -2.5786100e+00   9.9599328e-02   1.9566652e-01   2.4461900e+00  -5.1197194e-02  -1.1611418e-01   1.3026500e+00  -1.3888112e-01   9.5647727e-02   1.7202800e+00
   7.4000000e+00  -2.0328226e-01   9.1851598e-02  -1.8346300e+00  -1.3906009e-01   1.0623908e-01  -2.5786100e+00   9.4829679e-02   1.9964660e-01   2.4461900e+00  -5.0599397e-02  -1.1393851e-01   1.3026500e+00  -1.4075669e-01   1.0810109e-01   1.7202800e+00
   7.5000000e+00  -2.0392278e-01   8.9480482e-02  -1.8346300e+00  -1.5313858e-01   9.7353975e-02  -2.5786100e+00   9.0620479e-02   2.0315901e-01   2.4461900e+00  -5.0071844e-02  -1.1201848e-01   1.3026500e+00  -1.4440448e-01   1.1797115e-01   2.0747500e+00
   7.6000000e+00  -2.0448802e-01   8.7387979e-02  -1.8346300e+00  -1.6556280e-01   8.9512896e-02  -2.5786100e+00   8.6905873e-02   2.0625870e-01   2.4461900e+00  -4.9606279e-02  -1.1032406e-01   1.3026500e+00  -1.4883307e-01   1.2600198e-01   2.0747500e+00
   7.7000000e+00  -2.0498686e-01   8.5541352e-02  -1.8346300e+00  -1.7652714e-01   8.2593168e-02  -2.5786100e+00   8.3627745e-02   2.0899416e-01   2.4461900e+00  -5.2756781e-02  -9.8915934e-02   1.8663200e+00  -1.5274128e-01   1.3308917e-01   2.0747500e+00
   7.8000000e+00  -2.0197789e-01   7.6720173e-02  -1.2044900e+00  -1.8620313e-01   7.6486529e-02  -2.5786100e+00   7.6148027e-02   2.1116389e-01   3.0485100e+00  -5.7403044e-02  -8.3654179e-02   1.8663200e+00  -1.5575163e-01   1.3830385e-01   2.3752200e+00
   7.9000000e+00  -1.9767098e-01   6.5493134e-02  -1.2044900e+00  -1.9474216e-01   7.1097439e-02  -2.5786100e+00   6.0684488e-02   2.1260744e-01   3.0485100e+00  -6.1503357e-02  -7.0185727e-02   1.8663200e+00  -1.5696023e-01   1.3946731e-01   2.3752200e+00
   8.0000000e+00  -1.9387014e-01   5.5585307e-02  -1.2044900e+00  -2.0227783e-01   6.6341584e-02  -2.5786100e+00   4.7037963e-02   2.1388138e-01   3.0485100e+00  -6.5121871e-02  -5.8299860e-02   1.8663200e+00  -1.5802681e-01   1.4049406e-01   2.3752200e+00
   8.1000000e+00  -1.9051591e-01   4.6841681e-02  -1.2044900e+00  -2.0892804e-01   6.2144557e-02  -2.5786100e+00   2.9106413e-02   2.0864445e-01  -2.7399700e+00  -7.2450321e-02  -4.5564272e-02   2.4056400e+00  -1.5896806e-01   1.4140017e-01   2.3752200e+00
   8.2000000e+00  -1.8755581e-01   3.9125458e-02  -1.2044900e+00  -2.1479683e-01   5.8440693e-02  -2.5786100e+00   1.0082173e-02   2.0056472e-01  -2.7399700e+00  -9.3759610e-02  -2.6264554e-02   2.4056400e+00  -1.5979872e-01   1.4219980e-01   2.3752200e+00
   8.3000000e+00  -1.8494354e-01   3.2315915e-02  -1.2044900e+00  -2.1995617e-01   5.1401266e-02  -2.1195400e+00  -7.2262720e-03   1.8964378e-01  -2.3769200e+00  -1.1256499e-01  -9.2326128e-03   2.4056400e+00  -1.6053177e-01   1.4290548e-01   2.3752200e+00
   8.4000000e+00  -1.6970971e-01   1.8208918e-02  -7.4107000e-01  -2.2450319e-01   4.3963937e-02  -2.1195400e+00  -2.3292218e-02   1.7423035e-01  -2.3769200e+00  -1.2916068e-01   5.7980227e-03   2.4056400e+00  -1.6117868e-01   1.4352823e-01   2.3752200e+00
   8.5000000e+00  -1.5575401e-01   5.4386969e-03  -7.4107000e-01  -2.2851592e-01   3.7400517e-02  -2.1195400e+00  -3.7470365e-02   1.6062805e-01  -2.3769200e+00  -1.4380633e-01   1.9062512e-02   2.4056400e+00  -1.6174958e-01   1.4407781e-01   2.3752200e+00
   8.6000000e+00  -1.4343814e-01  -5.8309833e-03  -7.4107000e-01  -2.2980486e-01   2.9448610e-02  -1.4192300e+00  -4.9982536e-02   1.4862406e-01  -2.3769200e+00  -1.5673107e-01   3.0768383e-02   2.4056400e+00  -1.6303988e-01   1.4445486e-01   3.1012500e+00
   8.7000000e+00  -1.3256942e-01  -1.5776441e-02  -7.4107000e-01  -2.2835397e-01   1.9949347e-02  -1.4192300e+00  -1.2971938e-01   1.0587661e-01  -1.9626400e+00  -1.6809652e-01   4.1017938e-02   2.8190700e+00  -1.6579558e-01   1.4456609e-01   3.1012500e+00
   8.8000000e+00  -1.2090924e-01  -2.0901960e-02  -3.4287500e-01  -2.2707355e-01   1.1566277e-02  -1.4192300e+00  -1.3751166e-01   8.7018793e-02  -1.9626400e+00  -1.7466526e-01   4.3213156e-02   2.8190700e+00  -1.6822747e-01   1.4466425e-01   3.1012500e+00
   8.9000000e+00  -1.1021892e-01  -2.4718136e-02  -3.4287500e-01  -2.2594360e-01   4.1682433e-03  -1.4192300e+00  -1.4438831e-01   7.0376827e-02  -1.9626400e+00  -1.8046216e-01   4.5150429e-02   2.8190700e+00  -1.7037361e-01   1.4475088e-01   3.1012500e+00
   9.0000000e+00  -1.0078474e-01  -2.8085901e-02  -3.4287500e-01  -2.2494641e-01  -2.3604984e-03  -1.4192300e+00  -1.5045694e-01   5.5690343e-02  -1.9626400e+00  -1.8557790e-01   4.6860066e-02   2.8190700e+00  -1.7227005e-01   1.4482307e-01  -2.2315300e+00
   9.1000000e+00  -9.2459114e-02  -3.1057942e-02  -3.4287500e-01  -2.2406640e-01  -8.1220928e-03  -1.4192300e+00  -1.5581248e-01   4.2729567e-02  -1.9626400e+00  -1.9009253e-01   4.8368816e-02   2.8190700e+00  -1.7585612e-01   1.4020947e-01  -2.2315300e+00
   9.2000000e+00  -8.5111770e-02  -3.3680759e-02  -3.4287500e-01  -2.2328979e-01  -1.3206682e-02  -1.4192300e+00  -1.6053874e-01   3.1291722e-02  -1.9626400e+00  -1.9407667e-01   4.9700283e-02   2.8190700e+00  -1.7902081e-01   1.3613798e-01  -2.2315300e+00
   9.3000000e+00  -7.8627763e-02  -3.5995388e-02  -3.4287500e-01  -2.1951470e-01  -1.8823936e-02  -7.1489500e-01  -1.6470964e-01   2.1197859e-02  -1.9626400e+00  -1.9759267e-01   5.0875298e-02   2.8190700e+00  -1.8181364e-01   1.3254491e-01  -2.2315300e+00
   9.4000000e+00  -7.2905646e-02  -3.8038040e-02  -3.4287500e-01  -2.1207242e-01  -2.5284393e-02  -7.1489500e-01  -1.5795193e-01  -2.0306905e-03  -1.2444600e+00  -1.9971013e-01   5.1133323e-02  -3.0384900e+00  -1.8427831e-01   1.2937403e-01  -2.2315300e+00
   9.5000000e+00  -5.3239543e-02  -3.6456070e-02   1.1790200e-01  -2.0550464e-01  -3.0985726e-02  -7.1489500e-01  -1.5016924e-01  -2.5026706e-02  -1.2444600e+00  -2.0110737e-01   5.0988752e-02  -3.0384900e+00  -1.8645336e-01   1.2657574e-01  -2.2315300e+00
   9.6000000e+00  -3.0051387e-02  -3.3709401e-02   1.1790200e-01  -1.9970860e-01  -3.6017136e-02  -7.1489500e-01  -1.4330104e-01  -4.5320618e-02  -1.2444600e+00  -2.0234042e-01   5.0861168e-02  -3.0384900e+00  -1.8837285e-01   1.2410625e-01  -2.2315300e+00
   9.7000000e+00  -9.5879116e-03  -3.1285474e-02   1.1790200e-01  -1.9459360e-01  -4.0457339e-02  -7.1489500e-01  -1.3723987e-01  -6.3229933e-02  -1.2444600e+00  -2.0342859e-01   5.0748576e-02  -3.0384900e+00  -1.8599887e-01   1.0396490e-01  -1.3819000e+00
   9.8000000e+00   8.4710422e-03  -2.9146366e-02   1.1790200e-01  -1.7353648e-01  -4.5148663e-02  -1.9033900e-01  -1.2004701e-01  -7.4358132e-02  -4.8385300e-01  -2.0657136e-01   4.6439103e-02  -2.1823400e+00  -1.7553800e-01   4.9246269e-02  -1.3819000e+00
   9.9000000e+00   2.4408013e-02  -2.7258610e-02   1.1790200e-01  -1.5111780e-01  -4.9468101e-02  -1.9033900e-01  -1.0286708e-01  -8.3386491e-02  -4.8385300e-01  -2.0965017e-01   4.2048450e-02  -2.1823400e+00  -1.6118514e-01   1.4309236e-02  -6.4930200e-01
   1.0000000e+01   5.1569321e-02  -1.3624186e-02   4.6527100e-01  -1.3133339e-01  -5.3279992e-02  -1.9033900e-01  -8.7705854e-02  -9.1353989e-02  -4.8385300e-01  -2.1236722e-01   3.8173712e-02  -2.1823400e+00  -1.4221491e-01  -9.1135698e-05  -6.4930200e-01
   1.0100000e+01   7.0156520e-02  -7.1440728e-04   9.0621500e-01  -1.1387370e-01  -5.6643974e-02  -1.9033900e-01  -7.7263721e-02  -9.5324564e-02   1.9735900e-01  -2.1476499e-01   3.4754267e-02  -2.1823400e+00  -1.2547374e-01  -1.2799419e-02  -6.4930200e-01
   1.0200000e+01   7.9920149e-02   1.1747595e-02   9.0621500e-01  -8.6091111e-02  -5.2956574e-02   2.4496500e-01  -7.2358294e-02  -9.4343665e-02   1.9735900e-01  -2.1688103e-01   3.1736618e-02  -2.1823400e+00  -1.1069971e-01  -2.4014439e-02  -6.4930200e-01
   1.0300000e+01   8.6661463e-02   2.2190786e-02   1.4945900e+00  -6.0835436e-02  -4.5448191e-02   6.5331600e-01  -6.8029271e-02  -9.3478025e-02   1.9735900e-01  -2.1458188e-01   2.1847908e-02  -1.2540800e+00  -9.3168959e-02  -2.9003788e-02  -1.4252900e-02
   1.0400000e+01   8.7244407e-02   2.9825522e-02   1.4945900e+00  -5.4727501e-02  -4.0772873e-02   6.5331600e-01  -6.4208921e-02  -9.2714100e-02   1.9735900e-01  -2.1062581e-01   9.7774812e-03  -1.2540800e+00  -7.3934859e-02  -2.9277948e-02  -1.4252900e-02
   1.0500000e+01   8.7758853e-02   3.6563153e-02   1.4945900e+00  -4.9337268e-02  -3.6646919e-02   6.5331600e-01  -6.0837474e-02  -9.2039939e-02   1.9735900e-01  -2.0713459e-01  -8.7463348e-04  -1.2540800e+00  -5.6960826e-02  -2.9519894e-02  -1.4252900e-02
   1.0600000e+01   8.2690442e-02   4.8682436e-02   2.0639100e+00  -4.4580404e-02  -3.3005777e-02   6.5331600e-01  -5.7862183e-02  -9.1444994e-02   1.9735900e-01  -2.0405360e-01  -1.0275092e-02  -1.2540800e+00  -4.1981294e-02  -2.9733410e-02  -1.4252900e-02
   1.0700000e+01   7.5024853e-02   6.2946800e-02   2.0639100e+00  -3.8067974e-02  -1.9854473e-02   1.1145200e+00  -4.5669363e-02  -8.1157930e-02   7.3073400e-01  -2.0133463e-01  -1.8570967e-02  -1.2540800e+00  -2.8761904e-02  -2.9921837e-02  -1.4252900e-02
   1.0800000e+01   6.8259995e-02   7.5535057e-02   2.0639100e+00  -3.2272762e-02  -8.0472579e-03   1.1145200e+00  -3.0339487e-02  -6.7418678e-02   7.3073400e-01  -1.9893515e-01  -2.5892051e-02  -1.2540800e+00  -1.7095833e-02  -3.0088124e-02  -1.4252900e-02
   1.0900000e+01   6.2290029e-02   8.6644154e-02   2.0639100e+00  -2.7693738e-02   2.6069462e-03   1.5934100e+00  -1.6810920e-02  -5.5293831e-02   7.3073400e-01  -1.9681762e-01  -3.2352885e-02  -1.2540800e+00  -6.8005613e-03  -3.0234871e-02  -1.4252900e-02
   1.1000000e+01   5.7021552e-02   9.6447899e-02   2.0639100e+00  -2.7948446e-02   1.3868488e-02   1.5934100e+00  -2.8532806e-03  -1.9285565e-02   1.2357700e+00  -1.9494891e-01  -3.8054551e-02  -1.2540800e+00   5.6201641e-02   2.4269757e-02   7.3696400e-01
   1.1100000e+01   5.2372138e-02   1.0509967e-01   2.0639100e+00  -2.8173226e-02   2.3806763e-02   1.5934100e+00   9.8315464e-03   1.7149317e-02   1.2357700e+00  -1.9053080e-01  -4.3250772e-02  -4.2657100e-01   1.2746322e-01   9.1797911e-02   1.1724900e+00
   1.1200000e+01   4.5806549e-02   1.0968963e-01   2.6210800e+00  -2.8371593e-02   3.2577261e-02   1.5934100e+00   2.1025867e-02   4.9302987e-02   1.2357700e+00  -1.7952739e-01  -4.8251574e-02  -4.2657100e-01   1.4296990e-01   1.2864855e-01   1.1724900e+00
   1.1300000e+01   3.9605172e-02   1.1324453e-01   2.6210800e+00  -2.8546651e-02   4.0317197e-02   1.5934100e+00   3.0904820e-02   7.7678501e-02   1.2357700e+00  -1.6981691e-01  -5.2664765e-02  -4.2657100e-01   1.4998833e-01   1.5264091e-01   1.8209800e+00
   1.1400000e+01   3.4132477e-02   1.1638171e-01   2.6210800e+00  -3.4938948e-02   5.3483321e-02   2.0920800e+00   2.7728316e-02   1.1354466e-01   1.7081300e+00  -1.6124745e-01  -5.6559393e-02  -4.2657100e-01   1.4743508e-01   1.6263259e-01   1.8209800e+00
   1.1500000e+01   2.9302840e-02   1.1915026e-01   2.6210800e+00  -4.3055087e-02   6.7616347e-02   2.0920800e+00   2.3125725e-02   1.4684763e-01   1.7081300e+00  -1.5368492e-01  -5.9996390e-02  -4.2657100e-01   1.4518184e-01   1.7145022e-01   1.8209800e+00
   1.1600000e+01   2.5040700e-02   1.2159350e-01   2.6210800e+00  -5.0217554e-02   8.0088698e-02   2.0920800e+00   6.7722268e-05   1.7830190e-01   2.2756000e+00  -1.4701101e-01  -6.3029529e-02  -4.2657100e-01   1.2286419e-01   1.8871756e-01   2.5443300e+00
   1.1700000e+01   2.1279375e-02   1.2374966e-01   2.6210800e+00  -5.6538409e-02   9.1095510e-02   2.0920800e+00  -5.7607351e-03   1.8404577e-01   2.8988600e+00  -1.4112131e-01  -6.5706265e-02  -4.2657100e-01   9.2120388e-02   2.0175780e-01   3.0848800e+00
   1.1800000e+01   1.8269126e-02   1.2401725e-01  -3.1405100e+00  -6.2963311e-02   1.0067088e-01   2.5826600e+00  -7.0677645e-03   1.8436941e-01   2.8988600e+00  -1.2384049e-01  -6.1039867e-02   3.9964200e-01   6.1205919e-02   2.0258699e-01  -2.7739000e+00
   1.1900000e+01   1.5660731e-02   1.2401443e-01  -3.1405100e+00  -7.4792293e-02   1.0806947e-01   2.5826600e+00  -8.2212138e-03   1.8465502e-01   2.8988600e+00  -9.4027532e-02  -4.8447730e-02   3.9964200e-01   3.5071027e-02   1.9251954e-01  -2.7739000e+00
   1.2000000e+01   1.3358831e-02   1.2401194e-01  -3.1405100e+00  -8.5231333e-02   1.1459871e-01   2.5826600e+00  -9.2391293e-03   1.8490707e-01   2.8988600e+00  -7.6290741e-02  -3.4365294e-02   1.1922900e+00   1.2007065e-02   1.8363505e-01  -2.7739000e+00
   1.2100000e+01   1.1327411e-02   1.2400974e-01  -3.1405100e+00  -9.4443753e-02   1.2036075e-01   2.5826600e+00  -1.0137437e-02   1.8512950e-01   2.8988600e+00  -7.0050553e-02  -1.8673884e-02   1.1922900e+00  -8.3468095e-03   1.7579451e-01  -2.7739000e+00
   1.2200000e+01   9.5346891e-03   1.2400780e-01  -3.1405100e+00  -1.0257369e-01   1.2544573e-01   2.5826600e+00  -1.0930190e-02   1.8532580e-01   2.8988600e+00  -6.4543606e-02  -4.8262637e-03   1.1922900e+00  -2.5305379e-02   1.6975680e-01  -2.9352700e+00
   1.2300000e+01   7.9526177e-03   1.2400608e-01  -3.1405100e+00  -1.1454014e-01   1.2875308e-01   2.9266900e+00  -1.1629792e-02   1.8549903e-01   2.8988600e+00  -5.9683743e-02   7.3942186e-03   1.1922900e+00  -3.7007321e-02   1.6730757e-01  -2.9352700e+00
   1.2400000e+01   6.5564447e-03   1.2400457e-01  -3.1405100e+00  -1.2642182e-01   1.3134653e-01   2.9266900e+00  -1.2247189e-02   1.8565191e-01   2.8988600e+00  -5.5394929e-02   1.8178756e-02   1.1922900e+00  -4.7334248e-02   1.6514614e-01  -2.9352700e+00
   1.2500000e+01   3.2296560e-03   1.2424441e-01   3.0579400e+00  -1.3622168e-01   1.3334251e-01  -2.9163100e+00  -1.2792040e-02   1.8578682e-01   2.8988600e+00  -5.1610063e-02   2.7696078e-02   1.1922900e+00  -5.6447729e-02   1.6323868e-01  -2.9352700e+00
   1.2600000e+01  -8.0892997e-04   1.2458304e-01   3.0579400e+00  -1.3918749e-01   1.3266283e-01  -2.9163100e+00  -2.5969201e-02   1.8367460e-01  -2.9760300e+00  -4.8269931e-02   3.6095084e-02   1.1922900e+00  -6.4490349e-02   1.6155535e-01  -2.9352700e+00
   1.2700000e+01  -4.3729695e-03   1.2488188e-01   3.0579400e+00  -1.4180480e-01   1.3206301e-01  -2.9163100e+00  -4.6893007e-02   1.8017840e-01  -2.9760300e+00  -4.5322275e-02   4.3507181e-02   1.1922900e+00  -7.6338219e-02   1.5561459e-01  -2.6575800e+00
   1.2800000e+01  -7.5182234e-03   1.2514560e-01   3.0579400e+00  -1.4411458e-01   1.3153367e-01  -2.9163100e+00  -6.5358201e-02   1.7709301e-01  -2.9760300e+00  -4.2720978e-02   5.0048334e-02   1.1922900e+00  -8.7416238e-02   1.4979064e-01  -2.6575800e+00
   1.2900000e+01  -1.0293900e-02   1.2537834e-01   3.0579400e+00  -1.4615295e-01   1.3106653e-01  -2.9163100e+00  -8.1653677e-02   1.7437016e-01  -2.9760300e+00  -4.9655556e-02   7.1669975e-02   1.9889100e+00  -9.7192556e-02   1.4465101e-01  -2.6575800e+00
   1.3000000e+01  -1.2743426e-02   1.2558373e-01   3.0579400e+00  -1.4795180e-01   1.3065428e-01  -2.9163100e+00  -9.6034385e-02   1.7196726e-01  -2.9760300e+00  -6.5748675e-02   1.0789029e-01   1.9889100e+00  -1.0582013e-01   1.4011531e-01  -2.6575800e+00
   1.3100000e+01  -1.6133940e-02   1.2617056e-01   2.8835100e+00  -1.4953929e-01   1.3029048e-01  -2.9163100e+00  -1.0872531e-01   1.6984670e-01  -2.9760300e+00  -8.0716279e-02   1.3999361e-01   2.4940600e+00  -1.1723792e-01   1.3429994e-01  -2.6766000e+00
   1.3200000e+01  -2.3265195e-02   1.2805299e-01   2.8835100e+00  -1.5094023e-01   1.2996942e-01  -2.9163100e+00  -1.1744300e-01   1.6839100e-01  -3.0376400e+00  -1.2594098e-01   1.7419788e-01   2.4940600e+00  -1.3036439e-01   1.2771462e-01  -2.6766000e+00
   1.3300000e+01  -2.9558506e-02   1.2971423e-01   2.8835100e+00  -1.5217657e-01   1.2968608e-01  -2.9163100e+00  -1.1744300e-01   1.6839100e-01  -3.0376400e+00  -1.2925884e-01   1.7629530e-01   2.9023600e+00  -1.4194846e-01   1.2190310e-01  -2.6766000e+00
   1.3400000e+01  -3.5112333e-02   1.3118027e-01   2.8835100e+00  -1.5326763e-01   1.2943604e-01  -2.9163100e+00  -1.2005136e-01   1.6724977e-01  -2.7291600e+00  -1.3001649e-01   1.7648010e-01   2.9023600e+00  -1.5217137e-01   1.1677444e-01  -2.6766000e+00
   1.3500000e+01  -4.0013568e-02   1.3247405e-01   2.8835100e+00  -1.5800373e-01   1.2830322e-01  -2.9056000e+00  -1.3185937e-01   1.6208346e-01  -2.7291600e+00  -1.3068511e-01   1.7664318e-01   2.9023600e+00  -1.6247364e-01   1.1194029e-01  -2.7344400e+00
   1.3600000e+01  -4.4338893e-02   1.3361580e-01   2.8835100e+00  -1.6569821e-01   1.2645290e-01  -2.9056000e+00  -1.4227990e-01   1.5752420e-01  -2.7291600e+00  -1.3127517e-01   1.7678709e-01   2.9023600e+00  -1.7336115e-01   1.0724505e-01  -2.7344400e+00
   1.3700000e+01  -6.5446290e-02   1.3179586e-01  -3.0237100e+00  -1.7248856e-01   1.2482000e-01  -2.9056000e+00  -1.5147599e-01   1.5350067e-01  -2.7291600e+00  -1.3179589e-01   1.7691410e-01   2.9023600e+00  -1.8296934e-01   1.0310151e-01  -2.7344400e+00
   1.3800000e+01  -9.7419385e-02   1.2800923e-01  -3.0237100e+00  -1.7848103e-01   1.2337897e-01  -2.9056000e+00  -1.5959151e-01   1.4994991e-01  -2.7291600e+00  -1.3712613e-01   1.7515160e-01  -2.8173400e+00  -1.9144855e-01   9.9444853e-02  -2.7344400e+00
   1.3900000e+01  -1.1327572e-01   1.2353255e-01  -2.8114100e+00  -1.8508501e-01   1.2060937e-01  -2.6659000e+00  -1.6651505e-01   1.4676045e-01  -2.5639800e+00  -1.4236647e-01   1.7339024e-01  -2.8173400e+00  -1.9893142e-01   9.6217864e-02  -2.7344400e+00
   1.4000000e+01  -1.2531740e-01   1.1940552e-01  -2.8114100e+00  -1.9181507e-01   1.1714239e-01  -2.6659000e+00  -1.7132077e-01   1.4362826e-01  -2.5639800e+00  -1.4699105e-01   1.7183585e-01  -2.8173400e+00  -2.0435937e-01   9.3754307e-02  -2.5916800e+00
   1.4100000e+01  -1.3594414e-01   1.1576343e-01  -2.8114100e+00  -1.9651944e-01   1.1451944e-01  -2.5281800e+00  -1.7556181e-01   1.4086412e-01  -2.5639800e+00  -1.5107223e-01   1.7046410e-01  -2.8173400e+00  -2.0648672e-01   9.2450276e-02  -2.5916800e+00
   1.4200000e+01  -1.4596509e-01   1.1180833e-01  -2.6119400e+00  -1.9893736e-01   1.1281720e-01  -2.5281800e+00  -1.7930451e-01   1.3842477e-01  -2.5639800e+00  -1.5467386e-01   1.6925353e-01  -2.8173400e+00  -2.0836409e-01   9.1299472e-02  -2.5916800e+00
   1.4300000e+01  -1.5783104e-01   1.0486140e-01  -2.6119400e+00  -2.0107116e-01   1.1131498e-01  -2.5281800e+00  -1.8485268e-01   1.3419542e-01  -2.4479500e+00  -1.5785228e-01   1.6818521e-01  -2.8173400e+00  -2.1002087e-01   9.0283892e-02  -2.5916800e+00
   1.4400000e+01  -1.6830270e-01   9.8730763e-02  -2.6119400e+00  -2.0295424e-01   1.0998927e-01  -2.5281800e+00  -1.9340368e-01   1.2708545e-01  -2.4479500e+00  -1.6065723e-01   1.6724243e-01  -2.8173400e+00  -2.1147954e-01   8.9284920e-02  -2.4641500e+00
   1.4500000e+01  -1.7754391e-01   9.3320493e-02  -2.6119400e+00  -2.0435099e-01   1.0893528e-01  -2.4073300e+00  -2.0094991e-01   1.2081092e-01  -2.4479500e+00  -1.6313259e-01   1.6641042e-01  -2.8173400e+00  -2.1276098e-01   8.8254080e-02  -2.4641500e+00
   1.4600000e+01  -1.8569924e-01   8.8545946e-02  -2.6119400e+00  -2.0518991e-01   1.0817805e-01  -2.4073300e+00  -2.0573146e-01   1.1631239e-01  -2.3583700e+00  -1.6752908e-01   1.6342091e-01  -2.4553900e+00  -2.1389184e-01   8.7344368e-02  -2.4641500e+00
   1.4700000e+01  -1.9289630e-01   8.4332424e-02  -2.6119400e+00  -2.0593026e-01   1.0750980e-01  -2.4073300e+00  -2.0922229e-01   1.1281082e-01  -2.3139000e+00  -1.7409957e-01   1.5803986e-01  -2.4553900e+00  -2.1488983e-01   8.6541549e-02  -2.4641500e+00
   1.4800000e+01  -1.9809118e-01   7.9265013e-02  -2.3669500e+00  -2.0658361e-01   1.0692007e-01  -2.4073300e+00  -2.1106105e-01   1.1080955e-01  -2.3139000e+00  -1.7989801e-01   1.5329111e-01  -2.4553900e+00  -2.1602767e-01   8.5424635e-02  -2.3173300e+00
   1.4900000e+01  -2.0266894e-01   7.4784682e-02  -2.3669500e+00  -2.0716019e-01   1.0639963e-01  -2.4073300e+00  -2.1268376e-01   1.0904343e-01  -2.3139000e+00  -1.8501511e-01   1.4910034e-01  -2.4553900e+00  -2.1723197e-01   8.4122889e-02  -2.3173300e+00
   1.5000000e+01  -2.0670880e-01   7.0830804e-02  -2.3669500e+00  -2.0766902e-01   1.0594035e-01  -2.4073300e+00  -2.1411579e-01   1.0748484e-01  -2.3139000e+00  -1.9193081e-01   1.4177445e-01  -2.2614300e+00  -2.1829476e-01   8.2974102e-02  -2.3173300e+00
   1.5100000e+01  -2.1027396e-01   6.7341518e-02  -2.3669500e+00  -2.0981814e-01   1.0312256e-01  -2.1974300e+00  -2.1493977e-01   1.0650734e-01  -2.2238300e+00  -2.0108318e-01   1.3069949e-01  -2.2614300e+00  -2.1920443e-01   8.1983809e-02  -2.1984200e+00
   1.5200000e+01  -2.1342021e-01   6.4262235e-02  -2.3669500e+00  -2.1523716e-01   9.5637434e-02  -2.1974300e+00  -2.1544958e-01   1.0584092e-01  -2.2238300e+00  -2.0916011e-01   1.2092588e-01  -2.2614300e+00  -2.1958274e-01   8.1462345e-02  -2.1984200e+00
   1.5300000e+01  -2.1619676e-01   6.1544777e-02  -2.3669500e+00  -2.2001942e-01   8.9031834e-02  -2.1974300e+00  -2.1589949e-01   1.0525281e-01  -2.2238300e+00  -2.1166557e-01   1.1776472e-01  -2.1779400e+00  -2.1991660e-01   8.1002155e-02  -2.1984200e+00
   1.5400000e+01  -2.1864706e-01   5.9146629e-02  -2.3669500e+00  -2.2423976e-01   8.3202412e-02  -2.1974300e+00  -2.1629653e-01   1.0473380e-01  -2.2238300e+00  -2.1234888e-01   1.1678109e-01  -2.1779400e+00  -2.2021123e-01   8.0596039e-02  -2.1984200e+00
   1.5500000e+01  -2.2272154e-01   5.3213571e-02  -2.1444900e+00  -2.2568878e-01   8.1100410e-02  -2.1289400e+00  -2.1664692e-01   1.0427578e-01  -2.2238300e+00  -2.1295190e-01   1.1591303e-01  -2.1779400e+00  -2.2047124e-01   8.0237642e-02  -2.1984200e+00
   1.5600000e+01  -2.2705100e-01   4.6513608e-02  -2.1444900e+00  -2.2623674e-01   8.0222781e-02  -2.1289400e+00  -2.1695613e-01   1.0387157e-01  -2.2238300e+00  -2.1348406e-01   1.1514697e-01  -2.1779400e+00  -2.2070070e-01   7.9921359e-02  -2.1984200e+00
   1.5700000e+01  -2.3140643e-01   3.7724286e-02  -2.0230400e+00  -2.2672032e-01   7.9448276e-02  -2.1289400e+00  -2.1722902e-01   1.0351486e-01  -2.2238300e+00  -2.1395369e-01   1.1447093e-01  -2.1779400e+00  -2.2182667e-01   7.7596644e-02  -2.0034600e+00
   1.5800000e+01  -2.3529444e-01   2.9721386e-02  -2.0230400e+00  -2.2714707e-01   7.8764778e-02  -2.1289400e+00  -2.1746983e-01   1.0320007e-01  -2.2238300e+00  -2.1486065e-01   1.1259568e-01  -1.9836900e+00  -2.2470474e-01   7.1365028e-02  -2.0034600e+00
   1.5900000e+01  -2.3699543e-01   2.6029332e-02  -1.9050600e+00  -2.2752368e-01   7.8161593e-02  -2.1289400e+00  -2.1887313e-01   9.9878397e-02  -1.9491000e+00  -2.1620809e-01   1.0951988e-01  -1.9836900e+00  -2.2724462e-01   6.5865645e-02  -2.0034600e+00
   1.6000000e+01  -2.3735417e-01   2.4996401e-02  -1.9050600e+00  -2.2928054e-01   7.3307603e-02  -1.9118100e+00  -2.2450207e-01   8.5715656e-02  -1.9491000e+00  -2.1739719e-01   1.0680549e-01  -1.9836900e+00  -2.2948606e-01   6.1012457e-02  -2.0034600e+00
   1.6100000e+01  -2.3814912e-01   2.1631820e-02  -1.7916500e+00  -2.3122623e-01   6.7824917e-02  -1.9118100e+00  -2.2946960e-01   7.3217081e-02  -1.9491000e+00  -2.1844658e-01   1.0441006e-01  -1.9836900e+00  -2.3138011e-01   5.6609493e-02  -1.8141900e+00
   1.6200000e+01  -2.3907508e-01   1.7507560e-02  -1.7916500e+00  -2.3294329e-01   6.2986464e-02  -1.9118100e+00  -2.3158392e-01   6.3557744e-02  -1.7779000e+00  -2.2429402e-01   7.8143663e-02  -1.7860700e+00  -2.3252675e-01   5.1991827e-02  -1.8141900e+00
   1.6300000e+01  -2.3989224e-01   1.3867913e-02  -1.7916500e+00  -2.3445858e-01   5.8716544e-02  -1.9118100e+00  -2.3336429e-01   5.5084509e-02  -1.7779000e+00  -2.3071333e-01   4.8786444e-02  -1.7860700e+00  -2.3353866e-01   4.7916751e-02  -1.8141900e+00
   1.6400000e+01  -2.4061338e-01   1.0655937e-02  -1.7916500e+00  -2.3579583e-01   5.4948352e-02  -1.9118100e+00  -2.3493546e-01   4.7606905e-02  -1.7779000e+00  -2.3637835e-01   2.2878790e-02  -1.7860700e+00  -2.3443167e-01   4.4320508e-02  -1.8141900e+00
   1.6500000e+01  -2.4123104e-01   7.6655652e-03  -1.6795000e+00  -2.3749861e-01   4.6023201e-02  -1.7549600e+00  -2.3632201e-01   4.1007943e-02  -1.7779000e+00  -2.3890215e-01   6.2638140e-03  -1.6710800e+00  -2.3521974e-01   4.1146836e-02  -1.8141900e+00
   1.6600000e+01  -2.4164169e-01   3.9027747e-03  -1.6795000e+00  -2.3903695e-01   3.7764726e-02  -1.7549600e+00  -2.3754563e-01   3.5184379e-02  -1.7779000e+00  -2.4012031e-01  -5.8425285e-03  -1.6710800e+00  -2.3610516e-01   3.4863047e-02  -1.6545500e+00
   1.6700000e+01  -2.4200409e-01   5.8212383e-04  -1.6795000e+00  -2.4039453e-01   3.0476646e-02  -1.7549600e+00  -2.3862548e-01   3.0045102e-02  -1.7779000e+00  -2.4025713e-01  -2.0522071e-02  -1.5540900e+00  -2.3723544e-01   1.8138643e-02  -1.5147000e+00
   1.6800000e+01  -2.4232390e-01  -2.3483403e-03  -1.6795000e+00  -2.4110000e-01   2.2456743e-02  -1.5649500e+00  -2.3957844e-01   2.5509706e-02  -1.7779000e+00  -2.4001475e-01  -3.5028829e-02  -1.5540900e+00  -2.3614621e-01  -1.2580335e-03  -1.5147000e+00
   1.6900000e+01  -2.4260613e-01  -4.9344658e-03  -1.6795000e+00  -2.4104583e-01   1.3190860e-02  -1.5649500e+00  -2.4041942e-01   2.1507233e-02  -1.7779000e+00  -2.3976489e-01  -4.2660528e-02  -1.4447200e+00  -2.3518498e-01  -1.8375541e-02  -1.5147000e+00
   1.7000000e+01  -2.4285520e-01  -7.2167136e-03  -1.6795000e+00  -2.4099802e-01   5.0137467e-03  -1.5649500e+00  -2.4116159e-01   1.7975063e-02  -1.7779000e+00  -2.3951145e-01  -4.4660021e-02  -1.4447200e+00  -2.3433669e-01  -3.3481688e-02  -1.5147000e+00
   1.7100000e+01  -2.4307501e-01  -9.2307902e-03  -1.6795000e+00  -2.4095583e-01  -2.2025303e-03  -1.5649500e+00  -2.4161946e-01   1.3788015e-02  -1.5059100e+00  -2.3928780e-01  -4.6424568e-02  -1.4447200e+00  -2.3356754e-01  -4.1146622e-02  -1.3747300e+00
   1.7200000e+01  -2.4308688e-01  -1.1098913e-02  -1.4631000e+00  -2.4091860e-01  -8.5708724e-03  -1.5649500e+00  -2.4102927e-01   4.7050913e-03  -1.5059100e+00  -2.3909043e-01  -4.7981775e-02  -1.4447200e+00  -2.3287775e-01  -4.4619569e-02  -1.3747300e+00
   1.7300000e+01  -2.4289761e-01  -1.2849560e-02  -1.4631000e+00  -2.4088574e-01  -1.4190914e-02  -1.5649500e+00  -2.4050843e-01  -3.3105607e-03  -1.5059100e+00  -2.3891624e-01  -4.9356006e-02  -1.4447200e+00  -2.3226901e-01  -4.7684434e-02  -1.3747300e+00
   1.7400000e+01  -2.4273058e-01  -1.4394501e-02  -1.4631000e+00  -2.4085675e-01  -1.9150584e-02  -1.5649500e+00  -2.4004879e-01  -1.0384349e-02  -1.5059100e+00  -2.3876253e-01  -5.0568760e-02  -1.4447200e+00  -2.3173180e-01  -5.0389167e-02  -1.3747300e+00
   1.7500000e+01  -2.4258317e-01  -1.5757906e-02  -1.4631000e+00  -2.4050751e-01  -2.2567280e-02  -1.3940200e+00  -2.3964317e-01  -1.6626945e-02  -1.5059100e+00  -2.3862688e-01  -5.1639012e-02  -1.4447200e+00  -2.3125772e-01  -5.2776086e-02  -1.3747300e+00
   1.7600000e+01  -2.4245309e-01  -1.6961107e-02  -1.4631000e+00  -2.4004882e-01  -2.5134989e-02  -1.3940200e+00  -2.3928520e-01  -2.2136017e-02  -1.5059100e+00  -2.3850716e-01  -5.2583506e-02  -1.4447200e+00  -2.3083934e-01  -5.4882535e-02  -1.3747300e+00
   1.7700000e+01  -2.4233829e-01  -1.8022928e-02  -1.4631000e+00  -2.3964402e-01  -2.7400985e-02  -1.3940200e+00  -2.3896930e-01  -2.6997755e-02  -1.5059100e+00  -2.3840152e-01  -5.3417019e-02  -1.4447200e+00  -2.3047012e-01  -5.6741470e-02  -1.3747300e+00
   1.7800000e+01  -2.4223698e-01  -1.8959982e-02  -1.4631000e+00  -2.3928678e-01  -2.9400720e-02  -1.3940200e+00  -2.3869051e-01  -3.1288225e-02  -1.5059100e+00  -2.3830828e-01  -5.4152591e-02  -1.4447200e+00  -2.2974386e-01  -5.9552083e-02  -1.2572000e+00
   1.7900000e+01  -2.4214758e-01  -1.9786929e-02  -1.4631000e+00  -2.3897152e-01  -3.1165479e-02  -1.3940200e+00  -2.3446310e-01  -4.8018132e-02  -1.3199100e+00  -2.3635538e-01  -6.1078361e-02  -1.2924500e+00  -2.2605083e-01  -7.0939879e-02  -1.2572000e+00
   1.8000000e+01  -2.4206868e-01  -2.0516708e-02  -1.4631000e+00  -2.3869331e-01  -3.2722874e-02  -1.3940200e+00  -2.3041173e-01  -6.3826142e-02  -1.3199100e+00  -2.3406210e-01  -6.9103451e-02  -1.2924500e+00  -2.2279174e-01  -8.0989574e-02  -1.2572000e+00
   1.8100000e+01  -2.4199905e-01  -2.1160735e-02  -1.4631000e+00  -2.3844778e-01  -3.4097270e-02  -1.3940200e+00  -2.2683640e-01  -7.7776663e-02  -1.3199100e+00  -2.3203828e-01  -7.6185569e-02  -1.2924500e+00  -2.1991560e-01  -8.9858399e-02  -1.2572000e+00
   1.8200000e+01  -2.4193760e-01  -2.1729086e-02  -1.4631000e+00  -2.2672778e-01  -6.7446423e-02  -1.2288400e+00  -2.2368119e-01  -9.0087954e-02  -1.3199100e+00  -2.3025226e-01  -8.2435516e-02  -1.2924500e+00  -2.1737742e-01  -9.7685109e-02  -1.2572000e+00
   1.8300000e+01  -2.3944356e-01  -2.9418534e-02  -1.2545800e+00  -2.0904212e-01  -1.1615185e-01  -1.1198600e+00  -2.2097899e-01  -1.0055303e-01  -1.1483400e+00  -2.2843805e-01  -8.7979070e-02  -1.1241200e+00  -2.1513748e-01  -1.0459216e-01  -1.2572000e+00
   1.8400000e+01  -2.3673198e-01  -3.7705863e-02  -1.2545800e+00  -2.0678223e-01  -1.2081901e-01  -1.1198600e+00  -2.2006044e-01  -1.0259641e-01  -1.1483400e+00  -2.2604709e-01  -9.2971025e-02  -1.1241200e+00  -2.1316074e-01  -1.1068761e-01  -1.2572000e+00
   1.8500000e+01  -2.3433903e-01  -4.5019406e-02  -1.2545800e+00  -2.0478788e-01  -1.2493778e-01  -1.1198600e+00  -2.1924983e-01  -1.0439969e-01  -1.1483400e+00  -2.2393708e-01  -9.7376409e-02  -1.1241200e+00  -2.1135131e-01  -1.1548955e-01  -1.1088500e+00
   1.8600000e+01  -2.3222725e-01  -5.1473584e-02  -1.2545800e+00  -2.0302787e-01  -1.2857257e-01  -1.1198600e+00  -2.1853447e-01  -1.0599107e-01  -1.1483400e+00  -2.2207500e-01  -1.0126415e-01  -1.1241200e+00  -2.0966040e-01  -1.1888580e-01  -1.1088500e+00
   1.8700000e+01  -2.3036361e-01  -5.7169377e-02  -1.2545800e+00  -2.0147467e-01  -1.3178026e-01  -1.1198600e+00  -2.1790316e-01  -1.0739547e-01  -1.1483400e+00  -2.2043172e-01  -1.0469506e-01  -1.1241200e+00  -2.0816817e-01  -1.2188299e-01  -1.1088500e+00
   1.8800000e+01  -2.2239167e-01  -7.2698692e-02  -1.0877200e+00  -2.0010398e-01  -1.3461104e-01  -1.1198600e+00  -2.1734604e-01  -1.0863484e-01  -1.1483400e+00  -2.1898153e-01  -1.0772284e-01  -1.1241200e+00  -2.0685129e-01  -1.2452800e-01  -1.1088500e+00
   1.8900000e+01  -2.1416689e-01  -8.8379053e-02  -1.0877200e+00  -1.9889435e-01  -1.3710920e-01  -1.1198600e+00  -2.1640393e-01  -1.1025711e-01  -1.0082200e+00  -2.1770174e-01  -1.1039484e-01  -1.1241200e+00  -2.0577414e-01  -1.2647351e-01  -9.9551400e-01
   1.9000000e+01  -2.0690855e-01  -1.0221692e-01  -1.0877200e+00  -1.9782685e-01  -1.3931381e-01  -1.1198600e+00  -2.1529466e-01  -1.1201634e-01  -1.0082200e+00  -2.1657233e-01  -1.1275287e-01  -1.1241200e+00  -2.0490745e-01  -1.2781008e-01  -9.9551400e-01
   1.9100000e+01  -2.0050309e-01  -1.1442880e-01  -1.0877200e+00  -1.9688479e-01  -1.4125938e-01  -1.1198600e+00  -2.1431573e-01  -1.1356885e-01  -1.0082200e+00  -2.1334863e-01  -1.1778506e-01  -9.8252800e-01  -2.0414259e-01  -1.2898960e-01  -9.9551400e-01
   1.9200000e+01  -1.9485029e-01  -1.2520574e-01  -1.0877200e+00  -1.9605448e-01  -1.4295761e-01  -1.0089900e+00  -2.1184382e-01  -1.1703949e-01  -9.3764800e-01  -2.0949291e-01  -1.2356532e-01  -9.8252800e-01  -2.0346761e-01  -1.3003052e-01  -9.9551400e-01
   1.9300000e+01  -1.8986171e-01  -1.3471636e-01  -1.0877200e+00  -1.9532180e-01  -1.4412157e-01  -1.0089900e+00  -2.0810148e-01  -1.2213840e-01  -9.3764800e-01  -2.0609024e-01  -1.2866639e-01  -9.8252800e-01  -2.0287194e-01  -1.3094914e-01  -9.9551400e-01
   1.9400000e+01  -1.8545931e-01  -1.4310946e-01  -1.0877200e+00  -1.9467521e-01  -1.4514877e-01  -1.0089900e+00  -2.0479889e-01  -1.2663817e-01  -9.3764800e-01  -2.0308739e-01  -1.3316807e-01  -9.8252800e-01  -2.0234626e-01  -1.3175981e-01  -9.9551400e-01
   1.9500000e+01  -1.8157420e-01  -1.5051633e-01  -1.0877200e+00  -1.9410460e-01  -1.4605526e-01  -1.0089900e+00  -2.0188436e-01  -1.3060920e-01  -9.3764800e-01  -2.0043739e-01  -1.3714078e-01  -9.8252800e-01  -2.0188235e-01  -1.3247522e-01  -9.9551400e-01
   1.9600000e+01  -1.7725655e-01  -1.5708256e-01  -9.4775000e-01  -1.9360104e-01  -1.4685524e-01  -1.0089900e+00  -1.9931229e-01  -1.3411362e-01  -9.3764800e-01  -1.9809877e-01  -1.4064669e-01  -9.8252800e-01  -2.0147295e-01  -1.3310658e-01  -9.9551400e-01
   1.9700000e+01  -1.7308161e-01  -1.6289305e-01  -9.4775000e-01  -1.9315665e-01  -1.4756121e-01  -1.0089900e+00  -1.9197035e-01  -1.4277365e-01  -8.4794000e-01  -1.9603495e-01  -1.4374064e-01  -9.8252800e-01  -2.0111166e-01  -1.3366374e-01  -9.9551400e-01
   1.9800000e+01  -1.6939723e-01  -1.6802079e-01  -9.4775000e-01  -1.9276448e-01  -1.4818424e-01  -1.0089900e+00  -1.7720087e-01  -1.5951655e-01  -8.4794000e-01  -1.9421363e-01  -1.4647105e-01  -9.8252800e-01  -2.0079282e-01  -1.3415544e-01  -9.9551400e-01
   1.9900000e+01  -1.6614578e-01  -1.7254601e-01  -9.4775000e-01  -1.9241839e-01  -1.4873405e-01  -1.0089900e+00  -1.6416685e-01  -1.7429210e-01  -8.4794000e-01  -1.9260632e-01  -1.4888062e-01  -9.8252800e-01  -2.0051144e-01  -1.3458936e-01  -9.9551400e-01
   2.0000000e+01  -1.6327639e-01  -1.7653950e-01  -9.4775000e-01  -1.9211296e-01  -1.4921926e-01  -1.0089900e+00  -1.5393432e-01  -1.8570912e-01  -7.4156900e-01  -1.9118788e-01  -1.5100706e-01  -9.8252800e-01  -2.0026313e-01  -1.3497230e-01  -9.9551400e-01
   2.0100000e+01  -1.6072279e-01  -1.8007413e-01  -7.7388200e-01  -1.9042124e-01  -1.5104596e-01  -7.9080900e-01  -1.4989371e-01  -1.8941020e-01  -7.4156900e-01  -1.8900276e-01  -1.5370371e-01  -7.7708900e-01  -2.0004400e-01  -1.3531023e-01  -9.9551400e-01
   2.0200000e+01  -1.5669149e-01  -1.8401364e-01  -7.7388200e-01  -1.8514626e-01  -1.5637834e-01  -7.9080900e-01  -1.4632788e-01  -1.9267640e-01  -7.4156900e-01  -1.8246353e-01  -1.6013516e-01  -7.7708900e-01  -1.6674144e-01  -1.6811836e-01  -7.7784400e-01
   2.0300000e+01  -1.5253784e-01  -1.8771860e-01  -6.9505000e-01  -1.7552333e-01  -1.6432626e-01  -6.2511100e-01  -1.4318105e-01  -1.9555880e-01  -7.4156900e-01  -1.7669268e-01  -1.6581090e-01  -7.7708900e-01  -1.4383435e-01  -1.8923457e-01  -6.3125300e-01
   2.0400000e+01  -1.4839550e-01  -1.9117274e-01  -6.9505000e-01  -1.5421074e-01  -1.7970656e-01  -6.2511100e-01  -1.4040399e-01  -1.9810251e-01  -7.4156900e-01  -1.7159992e-01  -1.7081972e-01  -7.7708900e-01  -1.3263593e-01  -1.9742101e-01  -6.3125300e-01
   2.0500000e+01  -1.4473990e-01  -1.9422101e-01  -6.9505000e-01  -1.3540244e-01  -1.9327963e-01  -6.2511100e-01  -1.3795323e-01  -2.0034733e-01  -7.4156900e-01  -1.6710557e-01  -1.7523999e-01  -7.7708900e-01  -1.2275337e-01  -2.0464552e-01  -6.3125300e-01
   2.0600000e+01  -1.4182753e-01  -1.9648469e-01  -5.3809900e-01  -1.2191667e-01  -2.0267910e-01  -5.1415400e-01  -1.3550801e-01  -2.0245447e-01  -5.7345900e-01  -1.4843408e-01  -1.8848926e-01  -6.1114600e-01  -1.1403203e-01  -2.1102113e-01  -6.3125300e-01
   2.0700000e+01  -1.3986602e-01  -1.9765541e-01  -5.3809900e-01  -1.1600452e-01  -2.0601843e-01  -5.1415400e-01  -1.3102098e-01  -2.0535246e-01  -5.7345900e-01  -1.2969200e-01  -2.0162045e-01  -6.1114600e-01  -1.0633548e-01  -2.1664758e-01  -6.3125300e-01
   2.0800000e+01  -1.3813500e-01  -1.9868857e-01  -5.3809900e-01  -1.1078707e-01  -2.0896538e-01  -5.1415400e-01  -1.2706119e-01  -2.0790992e-01  -5.7345900e-01  -1.1321214e-01  -2.1280906e-01  -4.7413900e-01  -1.0099299e-01  -2.2037459e-01  -5.1068300e-01
   2.0900000e+01  -1.3660738e-01  -1.9960032e-01  -5.3809900e-01  -1.0618269e-01  -2.1156605e-01  -5.1415400e-01  -1.2356669e-01  -2.1016688e-01  -5.7345900e-01  -9.9105145e-02  -2.2004854e-01  -4.7413900e-01  -9.8477536e-02  -2.2178389e-01  -5.1068300e-01
   2.1000000e+01  -1.3525926e-01  -2.0040495e-01  -5.3809900e-01  -8.7223751e-02  -2.1954348e-01  -3.9405300e-01  -1.2048281e-01  -2.1215864e-01  -5.7345900e-01  -8.6655763e-02  -2.2643736e-01  -4.7413900e-01  -9.6257654e-02  -2.2302759e-01  -5.1068300e-01
   2.1100000e+01  -1.3406955e-01  -2.0111503e-01  -5.3809900e-01  -6.8060658e-02  -2.2751151e-01  -3.9405300e-01  -1.1776129e-01  -2.1391635e-01  -5.7345900e-01  -7.6533870e-02  -2.3069923e-01  -3.7425300e-01  -9.1112823e-02  -2.2518912e-01  -3.6514700e-01
   2.1200000e+01  -1.3288924e-01  -2.0152519e-01  -3.1391700e-01  -6.0616960e-02  -2.2971232e-01  -2.6545100e-01  -1.0922483e-01  -2.1712269e-01  -3.4323600e-01  -6.8426064e-02  -2.3379532e-01  -2.4998700e-01  -8.2987328e-02  -2.2829542e-01  -3.6514700e-01
   2.1300000e+01  -1.3183537e-01  -2.0186734e-01  -3.1391700e-01  -5.4704179e-02  -2.3131980e-01  -2.6545100e-01  -1.0011166e-01  -2.2037957e-01  -3.4323600e-01  -6.4507775e-02  -2.3479577e-01  -2.4998700e-01  -7.5816604e-02  -2.3103672e-01  -3.6514700e-01
   2.1400000e+01  -1.3090533e-01  -2.0216927e-01  -3.1391700e-01  -4.9486168e-02  -2.3273841e-01  -2.6545100e-01  -9.2069311e-02  -2.2325376e-01  -3.4323600e-01  -6.1049897e-02  -2.3567866e-01  -2.4998700e-01  -7.0262232e-02  -2.3308502e-01  -2.2981100e-01
   2.1500000e+01  -1.3008458e-01  -2.0243574e-01  -3.1391700e-01  -4.4881290e-02  -2.3399032e-01  -2.6545100e-01  -8.4971963e-02  -2.2579022e-01  -3.4323600e-01  -5.7998331e-02  -2.3645781e-01  -2.4998700e-01  -6.8065390e-02  -2.3359896e-01  -2.2981100e-01
   2.1600000e+01  -1.2874211e-01  -2.0273831e-01  -1.5551000e-01  -4.0817499e-02  -2.3509513e-01  -2.6545100e-01  -6.6622861e-02  -2.3049889e-01  -2.0584500e-01  -5.5305333e-02  -2.3714541e-01  -2.4998700e-01  -6.6126684e-02  -2.3405250e-01  -2.2981100e-01
   2.1700000e+01  -1.2585405e-01  -2.0319108e-01  -1.5551000e-01  -3.7231216e-02  -2.3607012e-01  -2.6545100e-01  -1.9096741e-02  -2.3952807e-01  -8.3753500e-02  -5.2928771e-02  -2.3775221e-01  -2.4998700e-01  -6.4415782e-02  -2.3445276e-01  -2.2981100e-01
   2.1800000e+01  -1.2330535e-01  -2.0359066e-01  -1.5551000e-01  -3.4066333e-02  -2.3693055e-01  -2.6545100e-01  -1.1044460e-02  -2.4020406e-01  -8.3753500e-02  -5.0831462e-02  -2.3828771e-01  -2.4998700e-01  -6.2905916e-02  -2.3480598e-01  -2.2981100e-01
   2.1900000e+01  -1.2105613e-01  -2.0394328e-01  -1.5551000e-01  -2.9430808e-02  -2.3757695e-01  -1.0039400e-01  -3.9383469e-03  -2.4080061e-01  -8.3753500e-02  -4.8980593e-02  -2.3876029e-01  -2.4998700e-01  -6.1573464e-02  -2.3511770e-01  -2.2981100e-01
   2.2000000e+01  -1.1907119e-01  -2.0425447e-01  -1.5551000e-01  -2.4358937e-02  -2.3808786e-01  -1.0039400e-01   2.3327760e-03  -2.4132707e-01  -8.3753500e-02  -4.7347208e-02  -2.3917734e-01  -2.4998700e-01  -6.0397580e-02  -2.3539279e-01  -2.2981100e-01
   2.2100000e+01  -1.1731950e-01  -2.0452910e-01  -1.5551000e-01  -1.9883026e-02  -2.3853873e-01  -1.0039400e-01   7.8670225e-03  -2.4179167e-01  -8.3753500e-02  -4.3193325e-02  -2.3969351e-01  -7.5072300e-02  -5.9359865e-02  -2.3563556e-01  -2.2981100e-01
   2.2200000e+01  -1.1577363e-01  -2.0477145e-01  -1.5551000e-01  -1.5933048e-02  -2.3893662e-01  -1.0039400e-01   1.3085274e-02  -2.4204879e-01   4.6021900e-02  -3.0843956e-02  -2.4062235e-01  -7.5072300e-02  -5.8444085e-02  -2.3584980e-01  -2.2981100e-01
   2.2300000e+01  -1.1440941e-01  -2.0498533e-01  -1.5551000e-01  -1.2447205e-02  -2.3928776e-01  -1.0039400e-01   1.8751817e-02  -2.4178782e-01   4.6021900e-02  -1.9945677e-02  -2.4144205e-01  -7.5072300e-02  -4.3781148e-02  -2.3598333e-01  -4.9537200e-03
   2.2400000e+01  -1.1320549e-01  -2.0517407e-01  -1.5551000e-01  -9.3709598e-03  -2.3959764e-01  -1.0039400e-01   2.3752523e-02  -2.4155752e-01   4.6021900e-02  -1.0327979e-02  -2.4216543e-01  -7.5072300e-02  -2.4884813e-02  -2.3607693e-01  -4.9537200e-03
   2.2500000e+01  -1.0198030e-01  -2.0440307e-01   8.0104700e-02  -6.6561827e-03  -2.3987110e-01  -1.0039400e-01   2.8165631e-02  -2.4135428e-01   4.6021900e-02  -1.8403901e-03  -2.4280382e-01  -7.5072300e-02  -1.7872479e-02  -2.3575697e-01   7.9163800e-02
   2.2600000e+01  -8.2410853e-02  -2.0283211e-01   8.0104700e-02  -4.2604002e-03  -2.4011244e-01  -1.0039400e-01   3.2060185e-02  -2.4117491e-01   4.6021900e-02   5.6498806e-03  -2.4336719e-01  -7.5072300e-02  -1.3403415e-02  -2.3540244e-01   7.9163800e-02
   2.2700000e+01  -6.5140878e-02  -2.0144573e-01   8.0104700e-02  -2.1461296e-03  -2.4032541e-01  -1.0039400e-01   3.6902061e-02  -2.4054152e-01   1.9280900e-01   1.2260021e-02  -2.4386436e-01  -7.5072300e-02  -9.4594803e-03  -2.3508957e-01   7.9163800e-02
   2.2800000e+01  -4.9900179e-02  -2.0022226e-01   8.0104700e-02  -2.8029238e-04  -2.4051336e-01  -1.0039400e-01   4.3104196e-02  -2.3933065e-01   1.9280900e-01   2.5005364e-02  -2.4245080e-01   1.1533300e-01  -5.9789700e-03  -2.3481346e-01   7.9163800e-02
   2.2900000e+01  -3.6450308e-02  -1.9914256e-01   8.0104700e-02   1.2256578e-02  -2.3924907e-01   1.1338900e-01   4.8577560e-02  -2.3826207e-01   1.9280900e-01   3.6613592e-02  -2.4110602e-01   1.1533300e-01  -2.9074304e-03  -2.3456979e-01   7.9163800e-02
   2.3000000e+01  -2.4580840e-02  -1.9818972e-01   8.0104700e-02   3.1588946e-02  -2.3704755e-01   1.1338900e-01   5.3407787e-02  -2.3731904e-01   1.9280900e-01   4.6857817e-02  -2.3991925e-01   1.1533300e-01  -1.9680622e-04  -2.3435476e-01   7.9163800e-02
   2.3100000e+01  -1.4106070e-02  -1.9734884e-01   8.0104700e-02   4.8649700e-02  -2.3510472e-01   1.1338900e-01   5.7670448e-02  -2.3648682e-01   1.9280900e-01   5.3685901e-02  -2.3827723e-01   2.5591500e-01   2.1953112e-03  -2.3416500e-01   7.9163800e-02
   2.3200000e+01  -4.6631750e-03  -1.9654634e-01   2.3188900e-01   6.2914053e-02  -2.3301526e-01   2.7511700e-01   6.1432233e-02  -2.3575239e-01   1.9280900e-01   5.9471285e-02  -2.3676347e-01   2.5591500e-01   4.3063474e-03  -2.3399753e-01   7.9163800e-02
   2.3300000e+01   2.0166734e-02  -1.9068309e-01   2.3188900e-01   7.3265473e-02  -2.3009331e-01   2.7511700e-01   6.4751996e-02  -2.3510426e-01   1.9280900e-01   6.4576869e-02  -2.3542759e-01   2.5591500e-01   6.1693304e-03  -2.3384974e-01   7.9163800e-02
   2.3400000e+01   4.2079051e-02  -1.8550878e-01   2.3188900e-01   8.2400569e-02  -2.2751470e-01   2.7511700e-01   6.7681677e-02  -2.3453229e-01   1.9280900e-01   6.9082531e-02  -2.3424867e-01   2.5591500e-01   7.8134070e-03  -2.3371931e-01   7.9163800e-02
   2.3500000e+01   6.1581204e-02  -1.8080182e-01   2.6116100e-01   9.0462263e-02  -2.2523909e-01   2.7511700e-01   7.0267112e-02  -2.3402752e-01   1.9280900e-01   8.0121488e-02  -2.2982762e-01   3.8119700e-01   9.2642996e-03  -2.3360422e-01   7.9163800e-02
   2.3600000e+01   7.9562470e-02  -1.7599605e-01   2.6116100e-01   9.7311674e-02  -2.2321242e-01   4.0395800e-01   7.1529807e-02  -2.3370974e-01   3.5598600e-01   8.9903625e-02  -2.2590693e-01   3.8119700e-01   1.1199554e-02  -2.3326857e-01   3.2106300e-01
   2.3700000e+01   9.5430882e-02  -1.7175498e-01   2.6116100e-01   1.0176286e-01  -2.2130969e-01   4.0395800e-01   7.2104673e-02  -2.3349599e-01   3.5598600e-01   9.8536330e-02  -2.2244693e-01   3.8119700e-01   2.3690169e-02  -2.2911457e-01   3.2106300e-01
   2.3800000e+01   1.0943471e-01  -1.6801225e-01   2.6116100e-01   1.0569102e-01  -2.1963053e-01   4.0395800e-01   7.2611991e-02  -2.3330735e-01   3.5598600e-01   1.0615467e-01  -2.1939349e-01   3.8119700e-01   3.4713098e-02  -2.2544868e-01   3.2106300e-01
   2.3900000e+01   1.2179304e-01  -1.6470930e-01   2.6116100e-01   1.0915761e-01  -2.1814868e-01   4.0395800e-01   7.3059697e-02  -2.3314088e-01   3.5598600e-01   1.1030052e-01  -2.1756593e-01   4.5481300e-01   4.4440799e-02  -2.2221354e-01   3.2106300e-01
   2.4000000e+01   1.3269923e-01  -1.6179445e-01   2.6116100e-01   1.1221687e-01  -2.1684095e-01   4.0395800e-01   7.3454796e-02  -2.3299398e-01   3.5598600e-01   1.1280406e-01  -2.1634168e-01   4.5481300e-01   5.3025465e-02  -2.1935854e-01   3.2106300e-01
   2.4100000e+01   1.4307934e-01  -1.5850891e-01   3.6173800e-01   1.1491665e-01  -2.1568688e-01   4.0395800e-01   7.3803470e-02  -2.3286433e-01   3.5598600e-01   1.1501343e-01  -2.1526129e-01   4.5481300e-01   6.0601406e-02  -2.1683901e-01   3.2106300e-01
   2.4200000e+01   1.5323392e-01  -1.5466653e-01   3.6173800e-01   1.1729920e-01  -2.1466842e-01   4.0395800e-01   7.4111174e-02  -2.3274992e-01   3.5598600e-01   1.1696319e-01  -2.1430785e-01   4.5481300e-01   6.7287151e-02  -2.1461554e-01   3.2106300e-01
   2.4300000e+01   1.6219531e-01  -1.5127565e-01   3.6173800e-01   1.1947987e-01  -2.1369641e-01   4.9007300e-01   7.6055649e-02  -2.3170299e-01   5.1341900e-01   1.1868385e-01  -2.1346644e-01   4.5481300e-01   7.3360529e-02  -2.1251213e-01   4.7921300e-01
   2.4400000e+01   1.7010370e-01  -1.4828320e-01   3.6173800e-01   1.2181009e-01  -2.1245328e-01   4.9007300e-01   1.0965463e-01  -2.1275800e-01   5.1341900e-01   1.2020232e-01  -2.1272390e-01   4.5481300e-01   8.1894868e-02  -2.0807760e-01   4.7921300e-01
   2.4500000e+01   1.7708284e-01  -1.4564238e-01   3.6173800e-01   1.2386650e-01  -2.1135622e-01   4.9007300e-01   1.2853345e-01  -2.0180156e-01   5.6318600e-01   1.2154237e-01  -2.1206861e-01   4.5481300e-01   8.9426395e-02  -2.0416413e-01   4.7921300e-01
   2.4600000e+01   1.8324190e-01  -1.4331186e-01   3.6173800e-01   1.2568128e-01  -2.1038807e-01   4.9007300e-01   1.3639349e-01  -1.9683875e-01   5.6318600e-01   1.2272496e-01  -2.1149032e-01   4.5481300e-01   9.6072945e-02  -2.0071051e-01   4.7921300e-01
   2.4700000e+01   1.8486120e-01  -1.4244880e-01   5.1335200e-01   1.2728282e-01  -2.0953368e-01   4.9007300e-01   1.4332996e-01  -1.9245909e-01   5.6318600e-01   1.2879232e-01  -2.0736627e-01   6.0495000e-01   1.0193851e-01  -1.9766271e-01   4.7921300e-01
   2.4800000e+01   1.8611526e-01  -1.4174180e-01   5.1335200e-01   1.2869617e-01  -2.0877969e-01   4.9007300e-01   1.4945136e-01  -1.8859406e-01   5.6318600e-01   1.3640881e-01  -2.0210001e-01   6.0495000e-01   1.0711484e-01  -1.9497302e-01   4.7921300e-01
   2.4900000e+01   1.8722197e-01  -1.4111788e-01   5.1335200e-01   1.2994345e-01  -2.0811429e-01   4.9007300e-01   1.5485349e-01  -1.8518317e-01   5.6318600e-01   1.4347010e-01  -1.9696450e-01   6.7948800e-01   1.1168295e-01  -1.9259939e-01   4.7921300e-01
   2.5000000e+01   1.8819863e-01  -1.4056726e-01   5.1335200e-01   1.3104416e-01  -2.0752707e-01   4.9007300e-01   1.5954788e-01  -1.8201332e-01   6.6259300e-01   1.5050185e-01  -1.9128414e-01   6.7948800e-01   1.1571428e-01  -1.9050466e-01   4.7921300e-01
   2.5100000e+01   1.8906054e-01  -1.4008135e-01   5.1335200e-01   1.4283482e-01  -1.9850452e-01   6.6160600e-01   1.6354636e-01  -1.7889344e-01   6.6259300e-01   1.5670736e-01  -1.8627124e-01   6.7948800e-01   1.1927192e-01  -1.8865607e-01   4.7921300e-01
   2.5200000e+01   1.9012278e-01  -1.3928279e-01   6.5689600e-01   1.6620031e-01  -1.8029445e-01   7.5354300e-01   1.6707501e-01  -1.7614015e-01   6.6259300e-01   1.6218370e-01  -1.8184737e-01   6.7948800e-01   1.2241153e-01  -1.8702470e-01   4.7921300e-01
   2.5300000e+01   1.9109906e-01  -1.3852994e-01   6.5689600e-01   1.6659355e-01  -1.7992550e-01   7.5354300e-01   1.7018902e-01  -1.7371038e-01   6.6259300e-01   1.6701655e-01  -1.7794332e-01   6.7948800e-01   1.2518223e-01  -1.8558501e-01   4.7921300e-01
   2.5400000e+01   1.9196062e-01  -1.3786555e-01   6.5689600e-01   1.6694058e-01  -1.7959991e-01   7.5354300e-01   1.7293713e-01  -1.7156611e-01   6.6259300e-01   1.7128153e-01  -1.7449801e-01   6.7948800e-01   1.2762736e-01  -1.8431450e-01   4.7921300e-01
   2.5500000e+01   1.9308822e-01  -1.3683192e-01   7.8391800e-01   1.6724683e-01  -1.7931257e-01   7.5354300e-01   1.7528591e-01  -1.6927691e-01   7.9071400e-01   1.7564530e-01  -1.7036713e-01   8.3077300e-01   1.3363384e-01  -1.7962597e-01   6.9041400e-01
   2.5600000e+01   1.9445370e-01  -1.3547048e-01   7.8391800e-01   1.6751710e-01  -1.7905900e-01   7.5354300e-01   1.7734697e-01  -1.6719383e-01   7.9071400e-01   1.8028659e-01  -1.6528431e-01   8.3077300e-01   1.4132395e-01  -1.7327370e-01   6.9041400e-01
   2.5700000e+01   1.9565873e-01  -1.3426901e-01   7.8391800e-01   1.6775561e-01  -1.7883522e-01   7.5354300e-01   1.7916584e-01  -1.6535551e-01   7.9071400e-01   1.8438251e-01  -1.6079874e-01   8.3077300e-01   1.4811044e-01  -1.6766783e-01   6.9041400e-01
   2.5800000e+01   1.9672217e-01  -1.3320871e-01   7.8391800e-01   1.6796609e-01  -1.7863773e-01   7.5354300e-01   1.8077099e-01  -1.6373321e-01   7.9071400e-01   1.8799715e-01  -1.5684023e-01   8.3077300e-01   1.5409950e-01  -1.6272068e-01   6.9041400e-01
   2.5900000e+01   1.9766065e-01  -1.3227301e-01   7.8391800e-01   1.7261197e-01  -1.7357060e-01   8.3029700e-01   1.8218753e-01  -1.6230153e-01   7.9071400e-01   1.9118706e-01  -1.5334686e-01   8.3077300e-01   1.5938483e-01  -1.5835483e-01   6.9041400e-01
   2.6000000e+01   2.0082752e-01  -1.2830822e-01   9.1162500e-01   1.8161120e-01  -1.6372468e-01   8.3029700e-01   1.8343762e-01  -1.6103807e-01   7.9071400e-01   1.9400214e-01  -1.5026398e-01   8.3077300e-01   1.6404911e-01  -1.5450198e-01   6.9041400e-01
   2.6100000e+01   2.0516411e-01  -1.2261656e-01   1.0150800e+00   1.8955298e-01  -1.5503569e-01   8.3029700e-01   1.8454083e-01  -1.5992308e-01   7.9071400e-01   1.9667177e-01  -1.4669712e-01   9.6343400e-01   1.6816533e-01  -1.5110185e-01   6.9041400e-01
   2.6200000e+01   2.0667289e-01  -1.2018696e-01   1.0150800e+00   1.9376560e-01  -1.4897435e-01   1.0016900e+00   1.8551440e-01  -1.5893910e-01   7.9071400e-01   1.9910581e-01  -1.4319491e-01   9.6343400e-01   1.7285396e-01  -1.4631190e-01   9.1010600e-01
   2.6300000e+01   2.0800439e-01  -1.1804283e-01   1.0150800e+00   1.9701549e-01  -1.4389408e-01   1.0016900e+00   1.8637357e-01  -1.5807074e-01   7.9071400e-01   2.0125384e-01  -1.4010422e-01   9.6343400e-01   1.7968822e-01  -1.3751860e-01   9.1010600e-01
   2.6400000e+01   2.0917943e-01  -1.1615065e-01   1.0150800e+00   1.9988351e-01  -1.3941076e-01   1.0016900e+00   1.8713179e-01  -1.5730442e-01   7.9071400e-01   2.0314947e-01  -1.3737669e-01   9.6343400e-01   1.8571943e-01  -1.2975854e-01   9.1010600e-01
   2.6500000e+01   2.1021640e-01  -1.1448081e-01   1.0150800e+00   2.0241453e-01  -1.3545424e-01   1.0016900e+00   1.8780092e-01  -1.5662814e-01   7.9071400e-01   2.0482236e-01  -1.3496966e-01   9.6343400e-01   1.9104195e-01  -1.2291031e-01   9.1010600e-01
   2.6600000e+01   2.1827658e-01  -9.8563172e-02   1.1033000e+00   2.0464815e-01  -1.3196263e-01   1.0016900e+00   1.8907016e-01  -1.5480032e-01   1.0288200e+00   2.0629867e-01  -1.3284546e-01   9.6343400e-01   1.9573907e-01  -1.1686676e-01   9.1010600e-01
   2.6700000e+01   2.2649139e-01  -8.2290423e-02   1.1033000e+00   2.0661930e-01  -1.2888129e-01   1.0016900e+00   1.9178899e-01  -1.5028488e-01   1.0288200e+00   2.0760152e-01  -1.3097086e-01   9.6343400e-01   1.9988425e-01  -1.1153336e-01   9.1010600e-01
   2.6800000e+01   2.3266309e-01  -6.9712975e-02   1.2112200e+00   2.1045840e-01  -1.2072823e-01   1.1506300e+00   1.9418835e-01  -1.4630003e-01   1.0288200e+00   2.0875128e-01  -1.2931654e-01   9.6343400e-01   2.0354237e-01  -1.0682664e-01   9.1010600e-01
   2.6900000e+01   2.3474914e-01  -6.4163791e-02   1.2112200e+00   2.1495078e-01  -1.1067305e-01   1.1506300e+00   1.9630578e-01  -1.4278340e-01   1.0288200e+00   2.0976593e-01  -1.2785660e-01   9.6343400e-01   2.1098201e-01  -9.2926440e-02   1.1304600e+00
   2.7000000e+01   2.3659007e-01  -5.9266653e-02   1.2112200e+00   2.1891528e-01  -1.0179939e-01   1.1506300e+00   1.9817440e-01  -1.3968000e-01   1.0288200e+00   2.1093402e-01  -1.2556679e-01   1.1817800e+00   2.2619006e-01  -6.0650708e-02   1.1304600e+00
   2.7100000e+01   2.3769160e-01  -5.5454759e-02   1.3144000e+00   2.2140482e-01  -9.6023011e-02   1.3148700e+00   1.9982345e-01  -1.3694125e-01   1.0288200e+00   2.1236133e-01  -1.2208476e-01   1.1817800e+00   2.2900552e-01  -5.2050691e-02   1.2864000e+00
   2.7200000e+01   2.3854250e-01  -5.2209114e-02   1.3144000e+00   2.2175180e-01  -9.4696959e-02   1.3148700e+00   2.0306754e-01  -1.2700505e-01   1.2637400e+00   2.1362092e-01  -1.1901188e-01   1.1817800e+00   2.3090116e-01  -4.5565895e-02   1.2864000e+00
   2.7300000e+01   2.3929341e-01  -4.9344843e-02   1.3144000e+00   2.2205801e-01  -9.3526722e-02   1.3148700e+00   2.0617976e-01  -1.1718993e-01   1.2637400e+00   2.1473251e-01  -1.1630007e-01   1.1817800e+00   2.3266976e-01  -3.8484112e-02   1.4181900e+00
   2.7400000e+01   2.4018616e-01  -4.2653913e-02   1.4423300e+00   2.2232824e-01  -9.2493992e-02   1.3148700e+00   2.0892629e-01  -1.0852812e-01   1.2637400e+00   2.1641489e-01  -1.0908648e-01   1.4024500e+00   2.3473417e-01  -2.5061607e-02   1.4181900e+00
   2.7500000e+01   2.4099145e-01  -3.6419969e-02   1.4423300e+00   2.2277384e-01  -8.8977091e-02   1.4752400e+00   2.1135009e-01  -1.0088410e-01   1.2637400e+00   2.2029143e-01  -8.6277269e-02   1.4024500e+00   2.3655601e-01  -1.3216289e-02   1.4181900e+00
   2.7600000e+01   2.4170211e-01  -3.0918533e-02   1.4423300e+00   2.2361897e-01  -8.0159720e-02   1.4752400e+00   2.1411651e-01  -8.4285806e-02   1.4428900e+00   2.2371246e-01  -6.6148214e-02   1.4024500e+00   2.3816377e-01  -2.7628315e-03   1.4181900e+00
   2.7700000e+01   2.4232927e-01  -2.6063533e-02   1.4423300e+00   2.2436479e-01  -7.2378416e-02   1.4752400e+00   2.1710294e-01  -6.1064691e-02   1.4428900e+00   2.2673151e-01  -4.8384386e-02   1.4024500e+00   2.3958262e-01   6.4623119e-03   1.4181900e+00
   2.7800000e+01   2.4290374e-01  -1.7875225e-02   1.5362000e+00   2.2502298e-01  -6.5511440e-02   1.4752400e+00   2.1973846e-01  -4.0572129e-02   1.4428900e+00   2.2939581e-01  -3.2707862e-02   1.4024500e+00   2.4083475e-01   1.4603472e-02   1.4181900e+00
   2.7900000e+01   2.4346046e-01  -1.7897993e-03   1.5362000e+00   2.2560383e-01  -5.9451355e-02   1.4752400e+00   2.2008612e-01  -1.8797054e-02   1.5789900e+00   2.3174705e-01  -1.8873378e-02   1.4024500e+00   2.4103607e-01   1.7875803e-02   1.5485400e+00
   2.8000000e+01   2.4369272e-01   1.1217551e-02   1.6527600e+00   2.2611642e-01  -5.4103349e-02   1.4752400e+00   2.1992138e-01   1.3091835e-03   1.5789900e+00   2.3208809e-01  -1.3431688e-02   1.5573600e+00   2.4108824e-01   2.0219474e-02   1.5485400e+00
   2.8100000e+01   2.4306414e-01   1.8869353e-02   1.6527600e+00   2.2656879e-01  -4.9383750e-02   1.4752400e+00   2.1977599e-01   1.9052876e-02   1.5789900e+00   2.3213951e-01  -9.6049523e-03   1.5573600e+00   2.4113428e-01   2.2287757e-02   1.5485400e+00
   2.8200000e+01   2.4250943e-01   2.5622045e-02   1.6527600e+00   2.2629211e-01  -4.4167441e-02   1.6521500e+00   2.1964768e-01   3.4711629e-02   1.5789900e+00   2.3218489e-01  -6.2278704e-03   1.5573600e+00   2.4117491e-01   2.4113009e-02   1.5485400e+00
   2.8300000e+01   2.4204531e-01   2.9954871e-02   1.7302100e+00   2.2589751e-01  -3.9327793e-02   1.6521500e+00   2.1953445e-01   4.8530430e-02   1.5789900e+00   2.3222494e-01  -3.2476060e-03   1.5573600e+00   2.4121077e-01   2.5723789e-02   1.5485400e+00
   2.8400000e+01   2.4165743e-01   3.2367377e-02   1.7302100e+00   2.2554928e-01  -3.5056819e-02   1.6521500e+00   2.1876187e-01   5.5960360e-02   1.7152700e+00   2.3226028e-01  -6.1753191e-04   1.5573600e+00   2.4124241e-01   2.7145298e-02   1.5485400e+00
   2.8500000e+01   2.4131513e-01   3.4496407e-02   1.7302100e+00   2.2524197e-01  -3.1287697e-02   1.6521500e+00   2.1794615e-01   6.1567216e-02   1.7152700e+00   2.3229146e-01   1.7035003e-03   1.5573600e+00   2.4127033e-01   2.8399774e-02   1.5485400e+00
   2.8600000e+01   2.4101305e-01   3.6375269e-02   1.7302100e+00   2.2497077e-01  -2.7961459e-02   1.6521500e+00   2.1722627e-01   6.6515249e-02   1.7152700e+00   2.3130322e-01   8.9342909e-03   1.7310700e+00   2.4129498e-01   2.9506846e-02   1.5485400e+00
   2.8700000e+01   2.4074647e-01   3.8033359e-02   1.7302100e+00   2.2182844e-01  -5.7604409e-03   1.7137900e+00   2.1659098e-01   7.0881873e-02   1.7152700e+00   2.2951860e-01   1.9973634e-02   1.7310700e+00   2.4131672e-01   3.0483833e-02   1.5485400e+00
   2.8800000e+01   2.4051121e-01   3.9496618e-02   1.7302100e+00   2.1797486e-01   2.1004948e-02   1.7137900e+00   2.1603034e-01   7.4735404e-02   1.7152700e+00   2.2780558e-01   2.9712093e-02   1.8524100e+00   2.4115970e-01   3.2236643e-02   1.7373900e+00
   2.8900000e+01   2.4030359e-01   4.0787940e-02   1.7302100e+00   2.1457408e-01   4.4625321e-02   1.7137900e+00   2.1479561e-01   8.0314054e-02   1.8199800e+00   2.2533241e-01   3.8260824e-02   1.8524100e+00   2.4021715e-01   3.7841980e-02   1.7373900e+00
   2.9000000e+01   2.3948398e-01   4.3844380e-02   1.8778200e+00   2.1157291e-01   6.5470227e-02   1.7137900e+00   2.1305595e-01   8.7150421e-02   1.8199800e+00   2.2314985e-01   4.5805053e-02   1.8524100e+00   2.3938535e-01   4.2788672e-02   1.7373900e+00
   2.9100000e+01   2.3584019e-01   5.5337231e-02   1.8778200e+00   2.0892438e-01   8.3865792e-02   1.7137900e+00   2.1152070e-01   9.3183493e-02   1.8199800e+00   2.2122374e-01   5.2462811e-02   1.8524100e+00   2.3865129e-01   4.7154113e-02   1.7373900e+00
   2.9200000e+01   2.3262455e-01   6.5479636e-02   1.8778200e+00   2.0708240e-01   9.3357925e-02   1.8759500e+00   2.1016584e-01   9.8507661e-02   1.8199800e+00   2.1952396e-01   5.8338262e-02   1.8524100e+00   2.3800349e-01   5.1006601e-02   1.7373900e+00
   2.9300000e+01   2.2978676e-01   7.4430277e-02   1.8778200e+00   2.0576217e-01   9.7549247e-02   1.8759500e+00   2.0897019e-01   1.0320622e-01   1.8199800e+00   2.1802391e-01   6.3523329e-02   1.8524100e+00   2.3743180e-01   5.4406410e-02   1.7373900e+00
   2.9400000e+01   2.2728242e-01   8.2329190e-02   1.8778200e+00   2.0459707e-01   1.0124808e-01   1.8759500e+00   2.0791502e-01   1.0735269e-01   1.8199800e+00   2.1670012e-01   6.8099135e-02   1.8524100e+00   2.3692729e-01   5.7406730e-02   1.7373900e+00
   2.9500000e+01   2.2507234e-01   8.9299956e-02   1.8778200e+00   2.0356887e-01   1.0451228e-01   1.8759500e+00   2.0698385e-01   1.1101193e-01   1.8199800e+00   2.1553188e-01   7.2137270e-02   1.8524100e+00   2.3600699e-01   6.1190727e-02   1.9110800e+00
   2.9600000e+01   2.2269687e-01   9.5712988e-02   1.9661200e+00   2.0266148e-01   1.0739293e-01   1.8759500e+00   2.0616209e-01   1.1424120e-01   1.8199800e+00   2.1450091e-01   7.5700911e-02   1.8524100e+00   2.3277867e-01   7.0308831e-02   1.9110800e+00
   2.9700000e+01   2.2024724e-01   1.0158329e-01   1.9661200e+00   2.0186072e-01   1.0993510e-01   1.8759500e+00   2.0543689e-01   1.1709102e-01   1.8199800e+00   2.1275387e-01   8.0421004e-02   1.9941300e+00   2.2992969e-01   7.8355529e-02   1.9110800e+00
   2.9800000e+01   2.1808545e-01   1.0676381e-01   1.9661200e+00   2.0115405e-01   1.1217855e-01   1.8759500e+00   2.0479690e-01   1.1960598e-01   1.8199800e+00   2.0899808e-01   8.8756518e-02   1.9941300e+00   2.2741547e-01   8.5456715e-02   1.9110800e+00
   2.9900000e+01   2.1617768e-01   1.1133560e-01   1.9661200e+00   1.9992393e-01   1.1515673e-01   2.0232200e+00   2.0421772e-01   1.2184140e-01   1.9751500e+00   2.0568360e-01   9.6112584e-02   1.9941300e+00   2.2519668e-01   9.1723490e-02   1.9110800e+00
   
