0 0.05837 -0.010492 1.7652 0.13235 0.050807 -0.9767 -0.11226 -0.033514 -1.1391 -0.11571 0.21334 -1.6952 0.056403 0.014745 -0.23519
0.1 0.060268 -0.0042248 1.2767 0.14022 0.037851 -1.0249 -0.093492 -0.041074 -0.38298 -0.094112 0.18807 -0.86345 0.06772 0.012651 -0.18297
0.2 0.06106 -0.0021681 1.2032 0.15518 0.013063 -1.0277 -0.067183 -0.051749 -0.38545 -0.082798 0.16768 -1.0643 0.10807 -0.0024698 -0.35858
0.3 0.070025 0.01513 1.0926 0.15725 0.0056851 -1.2982 -0.063738 -0.052941 -0.33329 -0.060163 0.13654 -0.94219 0.11393 -0.0092418 -0.85732
0.4 0.084018 0.018089 0.20835 0.15743 0.0020405 -1.5203 -0.040414 -0.056757 -0.16217 -0.038523 0.097964 -1.0596 0.12845 -0.032704 -1.0166
0.5 0.089362 0.01435 -0.61049 0.14762 -0.020841 -1.9756 0.0014057 -0.06299 -0.14795 -0.015015 0.08867 -0.3765 0.13184 -0.044056 -1.2801
0.6 0.10036 -0.016196 -1.2252 0.12834 -0.038852 -2.3904 0.01613 -0.072235 -0.56069 0.010403 0.076123 -0.45855 0.13079 -0.057526 -1.6485
0.7 0.09851 -0.02272 -1.8473 0.10149 -0.06648 -2.3418 0.026909 -0.082978 -0.7837 0.01706 0.071743 -0.58187 0.11806 -0.093662 -1.9096
0.8 0.098413 -0.046499 -1.5749 0.08501 -0.093395 -2.1203 0.0438 -0.10197 -0.84377 0.022839 0.060146 -1.1085 0.10706 -0.10959 -2.1751
0.9 0.089279 -0.075265 -1.8782 0.059578 -0.13271 -2.1449 0.047089 -0.11098 -1.2208 0.028998 0.042225 -1.2397 0.093549 -0.11657 -2.6648
1 0.090396 -0.090451 -1.4974 0.056696 -0.13713 -2.1493 0.041912 -0.14498 -1.7219 0.026894 0.0031992 -1.6247 0.08558 -0.13167 -2.0563
1.1 0.090637 -0.12496 -1.5638 0.050591 -0.14928 -2.0362 0.040936 -0.16186 -1.6286 0.028797 -0.020792 -1.4916 0.063337 -0.18151 -1.9906
1.2 0.091064 -0.13069 -1.4964 0.048239 -0.17459 -1.6634 0.032995 -0.17805 -2.0269 0.031198 -0.040218 -1.4478 0.045929 -0.19936 -2.3435
1.3 0.080198 -0.16119 -1.9131 0.036748 -0.1867 -2.33 0.030426 -0.18085 -2.3125 0.028529 -0.06543 -1.6763 0.015636 -0.21021 -2.7976
1.4 0.032704 -0.18932 -2.6069 0.010084 -0.19747 -2.758 0.019723 -0.18973 -2.4492 0.02443 -0.11512 -1.6531 0.009507 -0.20972 3.0611
1.5 -0.0087878 -0.20597 -2.7598 -0.0078483 -0.19691 3.1108 0.0050984 -0.19245 -2.9575 0.0070094 -0.16316 -1.9187 0.00029982 -0.20862 3.0225
1.6 -0.020848 -0.20939 -2.8659 -0.042366 -0.19217 3.0051 -0.0048967 -0.19076 2.9738 0.0042089 -0.17152 -1.8939 -0.0092924 -0.20848 3.1271
1.7 -0.065968 -0.18851 2.7083 -0.074146 -0.1908 3.0986 -0.0333 -0.20066 -2.8059 -0.0018375 -0.18368 -2.0321 -0.044489 -0.21019 -3.0931
1.8 -0.091666 -0.16582 2.4181 -0.12468 -0.17416 2.8234 -0.042122 -0.19919 2.976 -0.022091 -0.1972 -2.5532 -0.059149 -0.20269 2.6691
1.9 -0.12912 -0.12895 2.3641 -0.14411 -0.15429 2.3453 -0.08191 -0.17724 2.6375 -0.048357 -0.20343 -2.9087 -0.061479 -0.20029 2.3407
2 -0.14442 -0.11189 2.302 -0.14608 -0.1518 2.2385 -0.099475 -0.15965 2.3554 -0.067007 -0.20283 3.1093 -0.086201 -0.17428 2.3308
2.1 -0.15575 -0.083104 1.9456 -0.15284 -0.13001 1.8715 -0.10553 -0.14882 2.0803 -0.083991 -0.20059 3.0107 -0.092584 -0.16462 2.1547
2.2 -0.17688 -0.037953 2.0086 -0.16013 -0.11116 1.9398 -0.11601 -0.13349 2.1703 -0.094895 -0.19633 2.7693 -0.10942 -0.13645 2.1094
2.3 -0.19042 0.022879 1.7898 -0.16424 -0.098546 1.8859 -0.12809 -0.11147 2.0729 -0.13162 -0.17103 2.5384 -0.10752 -0.099671 1.5191
2.4 -0.19045 0.040124 1.5722 -0.167 -0.08198 1.7361 -0.13381 -0.073973 1.722 -0.14654 -0.15234 2.2443 -0.11077 -0.089092 1.8694
2.5 -0.18882 0.058065 1.48 -0.17454 -0.059429 1.8935 -0.13545 -0.060319 1.6904 -0.17208 -0.11647 2.1894 -0.1145 -0.056465 1.6844
2.6 -0.18826 0.072067 1.531 -0.18591 -0.035934 2.0213 -0.13888 -0.036419 1.7134 -0.17649 -0.10821 2.0618 -0.11558 -0.047626 1.6928
2.7 -0.1855 0.091314 1.4285 -0.17948 -0.014722 1.2765 -0.14489 -0.0014072 1.7407 -0.19124 -0.080935 2.0667 -0.13162 -0.020285 2.1013
2.8 -0.17487 0.11841 1.1969 -0.17966 -0.0038004 1.5876 -0.13999 0.010369 1.1764 -0.20959 -0.050441 2.1124 -0.12916 -0.0056974 1.404
2.9 -0.16155 0.13035 0.73079 -0.16849 0.041332 1.3281 -0.12667 0.042542 1.1783 -0.21565 -0.038882 2.0537 -0.11766 0.032164 1.2758
3 -0.11867 0.16897 0.73313 -0.1433 0.080727 1.0019 -0.11405 0.057063 0.85538 -0.21725 -0.026528 1.6995 -0.10604 0.069763 1.2712
3.1 -0.067203 0.18682 0.33396 -0.13017 0.11586 1.2131 -0.098937 0.081925 1.0246 -0.21661 -0.0025605 1.5443 -0.10361 0.073108 0.94226
3.2 -0.055031 0.19157 0.37169 -0.088898 0.14155 0.55669 -0.090331 0.097006 1.0522 -0.21074 0.026694 1.3728 -0.094698 0.080497 0.69225
3.3 -0.028905 0.19888 0.27274 -0.067982 0.15154 0.44561 -0.080043 0.11556 1.0644 -0.20936 0.032549 1.3389 -0.065399 0.099476 0.5748
3.4 -0.0039736 0.20897 0.38466 -0.053028 0.16422 0.70358 -0.055747 0.14534 0.88645 -0.20017 0.048566 1.05 -0.055149 0.10638 0.59302
3.5 0.006135 0.21139 0.23484 -0.02482 0.18686 0.67625 -0.032323 0.16178 0.61212 -0.19198 0.06393 1.0806 -0.031837 0.11611 0.39512
3.6 0.030279 0.20135 -0.39403 -0.010003 0.19766 0.62973 -0.018021 0.16379 0.13971 -0.18469 0.0742 0.95396 -0.019486 0.12527 0.63823
3.7 0.047011 0.20053 -0.048811 0.0042149 0.20443 0.44433 0.019824 0.17356 0.25252 -0.17704 0.080647 0.69981 -0.0079076 0.13226 0.54341
3.8 0.069489 0.19703 -0.15469 0.0097186 0.20702 0.4403 0.056683 0.1689 -0.12575 -0.13703 0.1036 0.52094 0.018836 0.14286 0.37744
3.9 0.082419 0.19057 -0.46312 0.030049 0.21231 0.25475 0.085355 0.16674 -0.075169 -0.13472 0.10571 0.73975 0.048634 0.14593 0.10246
4 0.086956 0.18569 -0.82202 0.050695 0.20983 -0.11963 0.08987 0.16593 -0.17808 -0.099143 0.12097 0.40515 0.082566 0.15125 0.15559
4.1 0.09521 0.17918 -0.66787 0.069747 0.2062 -0.18842 0.1093 0.16061 -0.26727 -0.077622 0.13873 0.68999 0.10717 0.1572 0.2371
4.2 0.1287 0.14495 -0.79632 0.097092 0.19613 -0.35286 0.15194 0.13862 -0.47603 -0.045285 0.15127 0.37 0.11685 0.15723 0.0035166
4.3 0.14432 0.13545 -0.54631 0.10886 0.19032 -0.45849 0.18063 0.11528 -0.68311 -0.017521 0.16291 0.39671 0.12648 0.15541 -0.18687
4.4 0.14721 0.12914 -1.142 0.12174 0.17565 -0.85011 0.19137 0.098013 -1.0143 0.029192 0.18001 0.35095 0.14276 0.14447 -0.59171
4.5 0.16542 0.10474 -0.92957 0.13539 0.15942 -0.87167 0.20125 0.07904 -1.0904 0.042513 0.18683 0.47345 0.15794 0.12637 -0.87289
4.6 0.18436 0.068161 -1.0929 0.15526 0.14089 -0.75058 0.21136 0.060567 -1.0701 0.065487 0.18477 -0.089337 0.17263 0.094857 -1.1345
4.7 0.19629 0.033662 -1.2379 0.16964 0.11829 -1.0042 0.21671 0.024921 -1.4219 0.081654 0.18001 -0.28642 0.18815 0.082785 -0.66103
4.8 0.19819 0.018309 -1.4481 0.18766 0.095488 -0.90176 0.21441 -0.0029477 -1.653 0.11828 0.17044 -0.25554 0.20759 0.053627 -0.98279
4.9 0.1887 -0.026173 -1.7808 0.20265 0.066488 -1.0939 0.21041 -0.018103 -1.829 0.14113 0.15975 -0.43764 0.21822 0.028641 -1.1685
5 0.18001 -0.038809 -2.1733 0.21131 0.044812 -1.1906 0.20467 -0.030129 -2.0161 0.16223 0.1416 -0.71054 0.22116 0.016935 -1.325
5.1 0.14258 -0.088762 -2.2139 0.21193 0.027251 -1.5355 0.19997 -0.032806 -2.624 0.17186 0.13494 -0.60501 0.22147 0.0015952 -1.5507
5.2 0.12421 -0.10548 -2.4033 0.20954 -0.0053814 -1.644 0.16985 -0.058767 -2.4301 0.18249 0.11407 -1.0998 0.21791 -0.013743 -1.7987
5.3 0.093415 -0.13065 -2.4564 0.1954 -0.037434 -1.9862 0.12562 -0.096859 -2.4307 0.18601 0.10392 -1.2364 0.20248 -0.040766 -2.0897
5.4 0.047831 -0.16696 -2.4689 0.18686 -0.049704 -2.1789 0.1118 -0.10394 -2.6679 0.18713 0.10032 -1.2697 0.16776 -0.055619 -2.7373
5.5 0.02899 -0.18312 -2.4328 0.17638 -0.062007 -2.2766 0.10441 -0.10988 -2.4648 0.18714 0.076942 -1.5706 0.14594 -0.06651 -2.6787
5.6 0.018832 -0.18993 -2.5509 0.15595 -0.07697 -2.5093 0.094756 -0.12086 -2.292 0.18342 0.070904 -2.1219 0.10151 -0.084218 -2.7623
5.7 0.0074287 -0.19406 -2.7937 0.13362 -0.10399 -2.2615 0.054568 -0.12605 -3.013 0.18164 0.056378 -1.693 0.083779 -0.10192 -2.3572
5.8 -0.046196 -0.19833 -3.0622 0.12364 -0.1378 -1.858 0.042845 -0.13372 -2.5627 0.16574 0.02684 -2.0646 0.055642 -0.1429 -2.1724
5.9 -0.066696 -0.19293 2.8843 0.093424 -0.15398 -2.6498 0.028481 -0.15256 -2.2222 0.15174 0.0073244 -2.1932 0.043917 -0.15672 -2.2745
6 -0.068774 -0.19184 2.6569 0.07828 -0.17182 -2.2747 0.0063473 -0.18202 -2.2151 0.12075 -0.021894 -2.3856 0.020772 -0.17679 -2.4271
6.1 -0.078772 -0.18238 2.3839 0.071566 -0.17944 -2.293 -0.004133 -0.19242 -2.3599 0.096512 -0.03025 -2.8096 0.0060916 -0.19017 -2.4025
6.2 -0.087526 -0.16286 1.9924 0.070627 -0.18028 -2.4116 -0.011004 -0.19666 -2.5889 0.067259 -0.044871 -2.6781 -0.01204 -0.20014 -2.6391
6.3 -0.10544 -0.1306 2.0777 0.031342 -0.18789 -2.9503 -0.019055 -0.20018 -2.7295 0.044575 -0.063655 -2.45 -0.03302 -0.19857 3.0671
6.4 -0.11432 -0.11953 2.2468 -0.0075366 -0.17813 2.8955 -0.038904 -0.20495 -2.9056 0.030536 -0.078558 -2.3263 -0.0557 -0.18761 2.6915
6.5 -0.11772 -0.1163 2.3821 -0.025917 -0.17324 2.8817 -0.057816 -0.20451 3.1179 0.028752 -0.079914 -2.4916 -0.078087 -0.17551 2.6458
6.6 -0.14909 -0.098033 2.6143 -0.049561 -0.16338 2.7465 -0.094917 -0.18694 2.6995 0.025693 -0.0814 -2.6895 -0.099653 -0.1536 2.3482
6.7 -0.16161 -0.095665 2.9545 -0.076428 -0.14397 2.5159 -0.11556 -0.14664 2.0442 0.0018916 -0.091217 -2.7504 -0.13274 -0.13215 2.5665
6.8 -0.17394 -0.090707 2.7593 -0.08364 -0.14103 2.7551 -0.13049 -0.12899 2.2729 -0.033205 -0.099369 -2.9134 -0.14642 -0.11895 2.3744
6.9 -0.18552 -0.081282 2.4585 -0.095034 -0.13176 2.4587 -0.16115 -0.10722 2.5241 -0.052602 -0.095842 2.9618 -0.1505 -0.11504 2.377
7 -0.18638 -0.077476 1.7938 -0.10842 -0.12574 2.7191 -0.1649 -0.105 2.6079 -0.099287 -0.086393 2.9419 -0.18481 -0.086452 2.4469
7.1 -0.17867 -0.060852 1.1367 -0.11793 -0.11698 2.397 -0.16852 -0.097593 2.0253 -0.11566 -0.075973 2.5747 -0.19578 -0.070023 2.1594
7.2 -0.17579 -0.043189 1.4089 -0.12733 -0.1131 2.7501 -0.18268 -0.079022 2.2221 -0.15381 -0.048785 2.5224 -0.1959 -0.069823 2.1198
7.3 -0.17415 -0.038996 1.1983 -0.14763 -0.10343 2.6973 -0.19557 -0.042808 1.9128 -0.17935 -0.04171 2.8714 -0.2014 -0.061244 2.1408
7.4 -0.17065 -0.030852 1.165 -0.16245 -0.097353 2.7521 -0.19632 -0.033306 1.65 -0.18544 -0.036621 2.4452 -0.20677 -0.035636 1.7777
7.5 -0.16544 -0.00091026 1.3985 -0.17269 -0.0895 2.4872 -0.19504 -0.020517 1.471 -0.18734 -0.034131 2.2236 -0.20353 -0.0197 1.3703
7.6 -0.15709 0.012168 1.0023 -0.18189 -0.074567 2.1234 -0.18054 0.019655 1.2243 -0.19105 -0.027604 2.0872 -0.18738 0.017779 1.1638
7.7 -0.13513 0.03295 0.75788 -0.1988 -0.043399 2.0677 -0.17069 0.041088 1.14 -0.19142 -0.024952 1.7088 -0.179 0.056507 1.3577
7.8 -0.11891 0.045728 0.66717 -0.20156 -0.023092 1.7059 -0.16905 0.060718 1.4877 -0.19957 -0.00074624 1.8958 -0.17329 0.063346 0.87563
7.9 -0.10812 0.05385 0.6455 -0.20167 0.018088 1.5735 -0.16483 0.085093 1.3993 -0.18689 0.040884 1.2751 -0.16174 0.074365 0.76183
8 -0.092114 0.07873 0.9991 -0.20202 0.036137 1.5904 -0.13739 0.12753 0.99674 -0.18438 0.052452 1.3572 -0.14134 0.088384 0.60207
8.1 -0.079383 0.083589 0.36456 -0.19463 0.06871 1.3478 -0.11479 0.16457 1.0231 -0.1738 0.08858 1.2858 -0.12349 0.095235 0.36645
8.2 -0.0257 0.093984 0.19127 -0.18691 0.099083 1.3218 -0.099301 0.17642 0.65287 -0.16669 0.11672 1.3232 -0.089834 0.11843 0.60346
8.3 -0.00048614 0.095262 0.050649 -0.1801 0.11338 1.1265 -0.06103 0.1722 -0.10979 -0.15232 0.15042 1.1678 -0.06744 0.13705 0.6935
8.4 0.045921 0.096887 0.034999 -0.15672 0.1406 0.86089 -0.050315 0.16772 -0.39643 -0.12822 0.1721 0.73277 -0.059623 0.14209 0.57311
8.5 0.063453 0.10154 0.25935 -0.14106 0.14793 0.43787 -0.028666 0.16298 -0.21513 -0.10879 0.1754 0.16804 -0.028738 0.14654 0.14304
8.6 0.082417 0.10504 0.18243 -0.11263 0.15218 0.14839 -0.0055889 0.15192 -0.44704 -0.085866 0.16849 -0.2927 -0.0026169 0.14268 -0.14688
8.7 0.13702 0.11355 0.15462 -0.10236 0.15066 -0.1463 0.026189 0.14772 -0.13154 -0.056845 0.1616 -0.23313 0.012012 0.1338 -0.54537
8.8 0.15788 0.11077 -0.1323 -0.073197 0.13293 -0.54627 0.040018 0.14397 -0.26485 -0.042935 0.15828 -0.23452 0.047942 0.13527 0.040972
8.9 0.16961 0.10141 -0.67404 -0.049229 0.1176 -0.56915 0.049092 0.14286 -0.12099 -0.012618 0.14824 -0.31968 0.071095 0.13133 -0.16855
9 0.17536 0.098169 -0.51235 -0.02508 0.10347 -0.52919 0.082059 0.13585 -0.20969 0.0091914 0.14539 -0.12984 0.095466 0.11718 -0.52611
9.1 0.18031 0.094137 -0.68372 -0.021273 0.10084 -0.60559 0.12874 0.11105 -0.48821 0.042544 0.13762 -0.22897 0.13335 0.095509 -0.51957
9.2 0.18816 0.084244 -0.89998 -0.021273 0.10084 -0.22958 0.14429 0.096991 -0.73517 0.075896 0.13448 -0.093748 0.17178 0.057005 -0.78634
9.3 0.20228 0.053365 -1.142 0.0027634 0.10707 0.25363 0.18287 0.070357 -0.60427 0.088717 0.13414 -0.026795 0.19233 0.037019 -0.77154
9.4 0.20083 0.026444 -1.6245 0.017916 0.10763 0.037029 0.19334 0.055877 -0.94455 0.14693 0.11042 -0.38688 0.19987 0.025815 -0.97872
9.5 0.20252 0.011358 -1.459 0.037513 0.10942 0.091287 0.19617 0.036933 -1.423 0.16966 0.096282 -0.55649 0.20206 -0.0068182 -1.5036
9.6 0.20043 -0.0068214 -1.6853 0.075018 0.10637 -0.081342 0.20251 0.0091527 -1.3461 0.19254 0.069141 -0.87046 0.19977 -0.021093 -1.7299
9.7 0.19354 -0.028883 -1.8735 0.11875 0.087401 -0.40923 0.20253 0.004209 -1.5685 0.19827 0.055324 -1.1772 0.18286 -0.05795 -2.0009
9.8 0.18031 -0.049015 -2.1524 0.14378 0.074492 -0.47617 0.2 -0.03351 -1.6375 0.20691 0.030023 -1.2417 0.15401 -0.078264 -2.5281
9.9 0.1578 -0.079773 -2.2024 0.1636 0.063154 -0.51943 0.19822 -0.058754 -1.6415 0.20945 0.013723 -1.4166 0.14023 -0.090786 -2.404
10 0.13104 -0.099628 -2.5033 0.18549 0.021625 -1.0858 0.17526 -0.082889 -2.3312 0.21134 0.00010345 -1.4329 0.1341 -0.095752 -2.4611
10.1 0.101 -0.10966 -2.8194 0.19567 0.0075115 -0.9456 0.15434 -0.10294 -2.3775 0.18457 -0.049141 -2.0688 0.11263 -0.11043 -2.542
10.2 0.067136 -0.12243 -2.7809 0.20509 -0.031284 -1.3327 0.14594 -0.10838 -2.5667 0.17255 -0.063039 -2.2836 0.09875 -0.12215 -2.44
10.3 0.022457 -0.13698 -2.8269 0.20072 -0.061855 -1.7128 0.12695 -0.12397 -2.4542 0.12593 -0.10766 -2.3781 0.064222 -0.13237 -2.8538
10.4 0.0076248 -0.14299 -2.7562 0.19075 -0.093425 -1.8768 0.099347 -0.13056 -2.9071 0.11229 -0.11883 -2.4556 0.015379 -0.15231 -2.7541
10.5 0.0052591 -0.14421 -2.6649 0.17225 -0.12895 -2.0507 0.076889 -0.13448 -2.9691 0.080044 -0.13591 -2.6544 0.00048301 -0.15708 -2.8319
10.6 -0.021045 -0.16316 -2.5173 0.15685 -0.15175 -2.165 0.055533 -0.13777 -2.9885 0.060345 -0.1571 -2.3198 -0.022245 -0.1659 -2.7714
10.7 -0.055766 -0.16377 -3.1241 0.14762 -0.15974 -2.4278 0.046941 -0.14024 -2.8619 0.040388 -0.16852 -2.6218 -0.027727 -0.16866 -2.6745
10.8 -0.077149 -0.16038 2.9843 0.13212 -0.17356 -2.4137 0.00095893 -0.14069 -3.1318 0.018415 -0.17635 -2.7994 -0.061823 -0.16724 3.0999
10.9 -0.10902 -0.15981 3.1236 0.11756 -0.18088 -2.6757 -0.0056861 -0.14277 -2.8388 -0.017403 -0.18894 -2.8034 -0.062616 -0.16723 3.1233
11 -0.12045 -0.15544 2.7766 0.083676 -0.19107 -2.8493 -0.039442 -0.13168 2.8243 -0.036694 -0.19791 -2.7063 -0.08908 -0.16141 2.9252
11.1 -0.15398 -0.12797 2.4551 0.049481 -0.20795 -2.683 -0.063129 -0.11887 2.6459 -0.051512 -0.20169 -2.892 -0.10028 -0.15401 2.5581
11.2 -0.18627 -0.093608 2.3252 0.03276 -0.21388 -2.8009 -0.074281 -0.11381 2.7156 -0.06054 -0.20224 -3.0806 -0.10499 -0.15075 2.5356
11.3 -0.20267 -0.050654 1.9355 0.023131 -0.2162 -2.905 -0.088959 -0.096194 2.2654 -0.088959 -0.19955 3.0472 -0.10834 -0.14793 2.4419
11.4 -0.20532 -0.02198 1.663 0.010794 -0.22015 -2.8316 -0.10419 -0.07972 2.3171 -0.11831 -0.17901 2.5311 -0.12945 -0.11673 2.1658
11.5 -0.20408 0.0076012 1.5289 -0.0023695 -0.22077 -3.0948 -0.13439 -0.057489 2.507 -0.15854 -0.13713 2.3361 -0.13989 -0.099832 2.124
11.6 -0.19829 0.03418 1.3564 -0.020604 -0.22115 -3.1208 -0.14487 -0.033389 1.9811 -0.16565 -0.1258 2.1307 -0.14366 -0.086888 1.8543
11.7 -0.17674 0.066026 0.97573 -0.035778 -0.22047 3.0971 -0.14666 -0.0073574 1.6393 -0.19819 -0.087604 2.2765 -0.15267 -0.065202 1.9647
11.8 -0.15901 0.081902 0.73038 -0.052528 -0.21901 3.0545 -0.15197 0.028763 1.7167 -0.20571 -0.062645 1.8636 -0.15197 -0.04904 1.5274
11.9 -0.12662 0.098639 0.477 -0.067247 -0.20934 2.5602 -0.14263 0.057113 1.2526 -0.20925 -0.029147 1.676 -0.12284 -0.006882 0.96606
12 -0.097052 0.097053 -0.053578 -0.083299 -0.2038 2.8095 -0.15085 0.096586 1.7761 -0.20933 0.0025964 1.5734 -0.11374 0.0026316 0.80778
12.1 -0.089083 0.091921 -0.57208 -0.10063 -0.18614 2.3466 -0.15154 0.10886 1.6274 -0.1919 0.040187 1.1366 -0.087018 0.030255 0.80202
12.2 -0.061234 0.088083 -0.13694 -0.13095 -0.1572 2.3796 -0.14544 0.14241 1.3907 -0.18129 0.058604 1.0481 -0.064037 0.038682 0.35146
12.3 -0.01133 0.096231 0.16184 -0.1481 -0.14445 2.5022 -0.12195 0.16907 0.84867 -0.16722 0.074898 0.85833 -0.041757 0.045791 0.30884
12.4 -0.0080094 0.097211 0.28689 -0.15336 -0.1349 2.0747 -0.10705 0.17619 0.44566 -0.1478 0.099522 0.90307 -0.014167 0.063342 0.56657
12.5 0.0091746 0.10468 0.41012 -0.16141 -0.10728 1.8541 -0.089736 0.18185 0.31595 -0.14584 0.10228 0.95344 0.0029679 0.073547 0.53717
12.6 0.031746 0.1121 0.3175 -0.16625 -0.089879 1.8423 -0.045387 0.18741 0.12474 -0.13581 0.10158 -0.069227 0.047186 0.090886 0.3737
12.7 0.072319 0.12747 0.3621 -0.16196 -0.063333 1.4105 -0.027138 0.18835 0.051397 -0.11109 0.11401 0.46595 0.056574 0.09528 0.4377
12.8 0.089264 0.13238 0.28191 -0.15453 -0.033694 1.3252 -0.0073765 0.18486 -0.17467 -0.093299 0.11907 0.27706 0.071588 0.10035 0.32579
12.9 0.099598 0.13446 0.19909 -0.14686 -0.010706 1.2488 -0.001565 0.18457 -0.049138 -0.084009 0.12175 0.28094 0.10421 0.11264 0.36024
13 0.1398 0.13211 -0.058459 -0.12953 -0.00040012 0.53634 0.01985 0.18769 0.14448 -0.066269 0.1235 0.09811 0.13122 0.12509 0.43182
13.1 0.14652 0.13108 -0.15207 -0.08689 0.023702 0.51451 0.04152 0.19163 0.1799 -0.056369 0.12507 0.15715 0.14087 0.1262 0.11526
13.2 0.15046 0.12957 -0.36642 -0.08371 0.029204 1.0468 0.044698 0.19159 -0.013627 -0.039352 0.13021 0.29382 0.14983 0.12442 -0.19681
13.3 0.16623 0.11998 -0.54605 -0.050674 0.060805 0.76319 0.077083 0.18675 -0.1483 -0.031437 0.13497 0.54078 0.16983 0.10708 -0.71403
13.4 0.1837 0.092878 -0.99833 -0.044794 0.065115 0.63256 0.091385 0.18692 0.012315 -0.00014269 0.16073 0.68873 0.17878 0.07883 -1.2642
13.5 0.19128 0.072273 -1.218 -0.023511 0.070995 0.26954 0.11699 0.18113 -0.22251 0.01978 0.18275 0.83537 0.17348 0.011932 -1.6498
13.6 0.19346 0.051191 -1.468 0.00082286 0.081284 0.40005 0.14783 0.15391 -0.72314 0.039982 0.1871 0.21226 0.1749 -0.021644 -1.5286
13.7 0.18988 0.036354 -1.8075 0.030898 0.097086 0.48374 0.1682 0.12942 -0.87693 0.072833 0.18679 -0.0096652 0.1619 -0.070022 -1.8332
13.8 0.17892 0.012708 -2.0047 0.044267 0.11174 0.83105 0.17117 0.1208 -1.2386 0.086274 0.18602 -0.056753 0.14919 -0.12022 -1.8187
13.9 0.15649 -0.0088789 -2.3754 0.06564 0.10913 -0.12122 0.17132 0.11106 -1.5558 0.10368 0.17408 -0.60132 0.13649 -0.15436 -1.9272
14 0.14582 -0.017766 -2.447 0.11048 0.11101 0.0418 0.1572 0.07503 -1.9442 0.1063 0.17152 -0.7731 0.12999 -0.16105 -2.3413
14.1 0.10801 -0.029699 -2.8359 0.14944 0.10415 -0.17413 0.13654 0.04846 -2.2317 0.11511 0.1637 -0.72634 0.11244 -0.17388 -2.5103
14.2 0.069663 -0.051832 -2.6182 0.16391 0.099152 -0.33276 0.11949 0.013019 -2.0192 0.12023 0.15605 -0.98117 0.096183 -0.18632 -2.4882
14.3 0.062646 -0.060506 -2.251 0.174 0.090514 -0.70796 0.10293 -0.032797 -1.9176 0.12532 0.10917 -1.4627 0.086794 -0.19337 -2.4976
14.4 0.039774 -0.080691 -2.4185 0.18102 0.066788 -1.2833 0.094349 -0.044086 -2.2207 0.12452 0.10568 -1.7939 0.083133 -0.1971 -2.3475
14.5 0.013631 -0.10247 -2.4471 0.18154 0.052507 -1.5344 0.093133 -0.04516 -2.4184 0.11818 0.075056 -1.7751 0.055858 -0.21148 -2.6562
14.6 0.0012071 -0.11912 -2.2117 0.17953 0.026085 -1.6469 0.067004 -0.069013 -2.4017 0.10808 0.06213 -2.2339 0.042098 -0.21331 -3.01
14.7 -0.017937 -0.13644 -2.4062 0.18076 0.0084254 -1.5013 0.052009 -0.080379 -2.493 0.093254 0.034757 -2.0673 0.03988 -0.2141 -2.7991
14.8 -0.031189 -0.15554 -2.1775 0.17046 -0.010663 -2.0653 0.048654 -0.082691 -2.5381 0.078735 -0.016408 -1.8473 0.01654 -0.21462 -3.1193
14.9 -0.036893 -0.16333 -2.2025 0.15954 -0.038565 -1.9439 0.039794 -0.088819 -2.5365 0.075169 -0.020458 -2.2928 -0.0081123 -0.21467 -3.1393
15 -0.043658 -0.17124 -2.2782 0.14 -0.081784 -1.9955 0.026839 -0.10091 -2.3905 0.065744 -0.029577 -2.3726 -0.018035 -0.21074 2.7647
15.1 -0.052042 -0.1765 -2.5818 0.12567 -0.10897 -2.0558 0.0031283 -0.12058 -2.4491 0.046576 -0.056932 -2.182 -0.027942 -0.19211 2.0594
15.2 -0.064037 -0.17895 -2.9401 0.11255 -0.13462 -2.0438 -0.036251 -0.13545 -2.7805 0.02754 -0.088893 -2.108 -0.041615 -0.17236 2.1764
15.3 -0.065533 -0.17903 -3.0879 0.10325 -0.14981 -2.1199 -0.061323 -0.13391 3.0803 0.0038808 -0.11603 -2.2879 -0.047378 -0.15212 1.8481
15.4 -0.096829 -0.16891 2.8291 0.097135 -0.1639 -1.9804 -0.075539 -0.12052 2.3861 -0.021656 -0.15028 -2.2114 -0.049256 -0.133 1.6687
15.5 -0.11177 -0.15544 2.4076 0.090268 -0.17135 -2.315 -0.1082 -0.061535 2.0764 -0.0316 -0.17073 -2.0234 -0.055884 -0.10407 1.796
15.6 -0.1186 -0.14393 2.1062 0.065606 -0.18991 -2.4966 -0.11345 -0.027475 1.7238 -0.032826 -0.17371 -1.9618 -0.065634 -0.071013 1.8576
15.7 -0.14389 -0.11141 2.2319 0.022579 -0.21025 -2.7 -0.11141 -0.0011693 1.4935 -0.041823 -0.18063 -2.4855 -0.064073 -0.058927 1.4424
15.8 -0.14452 -0.095214 1.6099 -0.019944 -0.21438 -3.0449 -0.11437 0.050541 1.628 -0.054034 -0.18556 -2.7583 -0.064766 -0.047644 1.6321
15.9 -0.16646 -0.051158 2.0327 -0.052974 -0.20235 2.7925 -0.10515 0.091643 1.3502 -0.084836 -0.18536 3.1353 -0.070333 -0.036991 2.0523
16 -0.17371 -0.018268 1.7879 -0.061906 -0.19619 2.538 -0.09171 0.13079 1.2401 -0.10357 -0.17894 2.8111 -0.075364 -0.00088975 1.7093
16.1 -0.17854 0.0027834 1.796 -0.090767 -0.1594 2.236 -0.084806 0.15927 1.3329 -0.11285 -0.17097 2.4327 -0.07464 0.0064291 1.4722
16.2 -0.17102 0.040669 1.3749 -0.094904 -0.14846 1.9323 -0.081084 0.17192 1.2846 -0.14525 -0.12823 2.2194 -0.067712 0.043185 1.3845
16.3 -0.15757 0.081197 1.2504 -0.10128 -0.11605 1.765 -0.078303 0.17847 1.1696 -0.15892 -0.10635 2.1293 -0.059656 0.064437 1.2085
16.4 -0.1466 0.10963 1.2024 -0.11259 -0.08478 1.9178 -0.065693 0.19315 0.86092 -0.19353 -0.073736 2.3858 -0.017094 0.10743 0.79048
16.5 -0.12642 0.13872 0.96449 -0.11577 -0.060902 1.7033 -0.058136 0.2001 0.74372 -0.19915 -0.061414 1.9992 0.002113 0.12003 0.58055
16.6 -0.12277 0.14897 1.2287 -0.12415 -0.049183 2.1917 -0.038752 0.21215 0.55598 -0.21137 -0.019168 1.8524 0.027618 0.12828 0.31253
16.7 -0.11522 0.15898 0.92457 -0.15285 0.0028758 2.0746 -0.00031753 0.21141 -0.019168 -0.21634 -0.0062815 1.9386 0.032835 0.12839 0.022209
16.8 -0.091173 0.17785 0.66528 -0.15262 0.005739 1.4929 0.015051 0.20367 -0.46659 -0.21675 -0.00010642 1.637 0.056186 0.10126 -0.8602
16.9 -0.074674 0.19007 0.63739 -0.14976 0.043055 1.4943 0.037598 0.1509 -1.167 -0.21996 0.026151 1.6923 0.052177 0.064645 -1.6799
17 -0.058687 0.19845 0.48294 -0.13757 0.081708 1.2653 0.036892 0.12798 -1.6016 -0.21352 0.058426 1.3742 0.045277 0.041834 -1.8645
17.1 -0.053519 0.1996 0.22015 -0.12686 0.098192 0.99447 0.030276 0.095614 -1.7724 -0.20294 0.079779 1.1106 0.027833 0.0033807 -1.9967
17.2 -0.046994 0.19928 -0.048843 -0.11236 0.11074 0.7133 0.027568 0.090118 -2.0286 -0.16636 0.098966 0.483 0.022234 -0.0094879 -1.9812
17.3 -0.012387 0.189 -0.28891 -0.10429 0.11695 0.65581 0.0077548 0.073342 -2.439 -0.15478 0.099984 0.087677 0.01715 -0.01612 -2.2249
17.4 0.016723 0.17775 -0.36883 -0.050177 0.15524 0.6158 -3.3216e-05 0.065214 -2.3348 -0.14255 0.10077 0.064176 -0.0049357 -0.040891 -2.2989
17.5 0.062826 0.13723 -0.72099 -0.023884 0.16748 0.43592 -0.0069596 0.052648 -2.0745 -0.11357 0.1178 0.53127 -0.015578 -0.049239 -2.4764
17.6 0.068317 0.1212 -1.2407 0.0061488 0.17206 0.15105 -0.0080707 0.021606 -1.6066 -0.098795 0.12285 0.32965 -0.018436 -0.052784 -2.2491
17.7 0.069569 0.11575 -1.3451 0.033119 0.14021 -0.8682 -0.0056322 -0.022919 -1.5161 -0.085362 0.12967 0.46947 -0.02755 -0.067914 -2.113
17.8 0.067074 0.10719 -1.8543 0.04446 0.11214 -1.1868 -0.017163 -0.071287 -1.8048 -0.064618 0.13843 0.39949 -0.029628 -0.083205 -1.7059
17.9 0.059001 0.082276 -1.8841 0.045062 0.093846 -1.5379 -0.019128 -0.078013 -1.855 -0.020892 0.15516 0.36545 -0.040472 -0.10031 -2.136
18 0.050245 0.060233 -1.9489 0.041769 0.066094 -1.6889 -0.028605 -0.094806 -2.0846 -0.014414 0.1585 0.47624 -0.048675 -0.10853 -2.3548
18.1 0.04991 0.045628 -1.5937 0.053819 0.020433 -1.3128 -0.047925 -0.13223 -2.0474 -0.0046484 0.15719 -0.13285 -0.055983 -0.12488 -1.9912
18.2 0.036767 0.013818 -1.9626 0.058813 -0.0045661 -1.3736 -0.0581 -0.14747 -2.1593 0.010615 0.12275 -1.1536 -0.069761 -0.14933 -2.0839
18.3 0.021611 -0.0069042 -2.2023 0.0469 -0.040147 -1.8939 -0.062105 -0.16419 -1.806 0.0071712 0.093469 -1.6879 -0.074739 -0.15847 -2.0693
18.4 0.012168 -0.029983 -1.9592 0.034868 -0.070473 -1.9485 -0.061986 -0.16904 -1.5463 0.0023173 0.057005 -1.7031 -0.075803 -0.16271 -1.817
18.5 -0.011149 -0.072056 -2.0769 0.0033723 -0.12886 -2.0655 -0.0595 -0.17765 -1.2898 -0.00099285 -0.0015423 -1.6273 -0.073994 -0.16853 -1.2692
18.6 -0.028662 -0.091433 -2.3057 -0.00094539 -0.1434 -1.8596 -0.053512 -0.18688 -0.99533 0.006579 -0.017831 -1.1357 -0.058216 -0.18613 -0.84002
18.7 -0.04678 -0.11293 -2.2711 -0.0016013 -0.17134 -1.5943 -0.046771 -0.19489 -0.87093 0.011329 -0.027159 -1.0998 -0.041758 -0.19644 -0.55974
18.8 -0.047884 -0.12569 -1.6571 -0.0032679 -0.17746 -1.8365 -0.019495 -0.21096 -0.53238 0.012855 -0.037296 -1.4214 -0.014383 -0.20383 -0.26364
18.9 -0.05775 -0.13823 -2.2374 -0.0058838 -0.18287 -2.0216 -0.008099 -0.21379 -0.24347 0.010785 -0.050732 -1.7237 -0.012029 -0.20359 0.1037
19 -0.062439 -0.16076 -1.776 -0.020811 -0.19312 -2.5399 0.044208 -0.19403 0.36117 -0.014518 -0.081923 -2.2523 0.025559 -0.19402 0.24913
19.1 -0.065323 -0.16465 -2.2097 -0.04747 -0.20143 -2.8392 0.065887 -0.17379 0.75113 -0.020478 -0.095953 -1.9725 0.057396 -0.17463 0.54725
19.2 -0.067251 -0.16715 -2.2267 -0.05867 -0.202 -3.0904 0.079056 -0.12005 1.3305 -0.02389 -0.13144 -1.6666 0.071548 -0.14375 1.141
19.3 -0.070711 -0.17023 -2.4141 -0.066752 -0.20203 -3.1391 0.059494 -0.081986 2.0455 -0.027966 -0.14506 -1.8617 0.075577 -0.11936 1.4071
19.4 -0.07285 -0.17142 -2.6349 -0.075331 -0.19986 2.8948 0.04963 -0.078349 2.7885 -0.03567 -0.16881 -1.8845 0.069304 -0.10159 1.9101
19.5 -0.082808 -0.17386 -2.9009 -0.10659 -0.19026 2.8436 0.016153 -0.089487 -2.8204 -0.038533 -0.1749 -2.01 0.036425 -0.068726 2.3565
19.6 -0.10126 -0.17253 3.0695 -0.12313 -0.17457 2.3826 0.0078722 -0.10344 -2.1065 -0.048324 -0.18315 -2.4413 0.0032591 -0.049111 2.6075
19.7 -0.1199 -0.16939 2.9748 -0.13414 -0.12839 1.8048 0.0069236 -0.13231 -1.6036 -0.061758 -0.1882 -2.7825 -0.015045 -0.043123 2.8254
19.8 -0.13971 -0.15617 2.5528 -0.12035 -0.10766 0.98385 0.0068552 -0.14809 -1.5751 -0.075287 -0.19049 -2.9735 -0.061872 -0.066221 -2.6834
19.9 -0.14105 -0.15238 1.911 -0.10136 -0.098606 0.44472 0.0093615 -0.16683 -1.4378 -0.096476 -0.18895 3.0691 -0.080595 -0.093796 -2.1673
20 -0.14027 -0.13159 1.5336 -0.077147 -0.10195 -0.1374 0.019211 -0.18223 -1.0018 -0.10792 -0.18323 2.678 -0.081238 -0.11557 -1.6003
20.1 -0.12582 -0.096258 1.1826 -0.05764 -0.11463 -0.57614 0.04726 -0.19106 -0.30516 -0.11118 -0.17956 2.298 -0.081704 -0.12611 -1.6149
20.2 -0.095312 -0.086722 0.30292 -0.041515 -0.12929 -0.73803 0.074475 -0.17076 0.64087 -0.11106 -0.17423 1.5482 -0.079351 -0.13603 -1.3379
20.3 -0.079883 -0.086329 0.025519 -0.019282 -0.14768 -0.69108 0.075312 -0.14181 1.5419 -0.097394 -0.16492 0.59834 -0.069351 -0.15701 -1.126
20.4 -0.061148 -0.075196 0.53617 0.004136 -0.17633 -0.8856 0.068131 -0.12967 2.1051 -0.091519 -0.16305 0.30689 -0.063266 -0.17374 -1.222
20.5 -0.055301 -0.069571 0.76601 0.022756 -0.18057 -0.22376 0.041576 -0.10824 2.4625 -0.069702 -0.1648 -0.079646 -0.050449 -0.18432 -0.68989
20.6 -0.029108 -0.047001 0.71125 0.036204 -0.17084 0.62662 -0.015397 -0.097234 2.9508 -0.068561 -0.16492 -0.10535 -0.037788 -0.1959 -0.74084
20.7 -0.0096688 -0.034742 0.56263 0.042803 -0.14764 1.2937 -0.036543 -0.093908 2.9856 -0.025459 -0.18491 -0.43429 -0.015261 -0.20469 -0.37196
20.8 0.021274 -0.032588 0.069477 0.038735 -0.12095 1.7221 -0.047029 -0.094881 -3.0491 -0.0204 -0.18364 0.24595 0.017569 -0.21395 -0.27513
20.9 0.043905 -0.040419 -0.33312 0.021485 -0.0929 2.1221 -0.088442 -0.10953 -2.8016 0.0056204 -0.1785 0.19509 0.042709 -0.21525 -0.051593
21 0.068489 -0.081796 -1.0347 0.0064724 -0.082363 2.5296 -0.11313 -0.13579 -2.3253 0.025612 -0.15216 0.9216 0.062022 -0.21381 0.074301
21.1 0.075612 -0.11381 -1.3519 -0.0097483 -0.08283 -3.1128 -0.11368 -0.13686 -2.0462 0.042299 -0.11026 1.1917 0.085511 -0.20244 0.45101
21.2 0.089714 -0.13613 -1.0074 -0.020133 -0.085429 -2.8963 -0.097469 -0.17048 -1.1215 0.04423 -0.10515 1.2094 0.107 -0.17759 0.85767
21.3 0.097304 -0.14977 -1.063 -0.042889 -0.10644 -2.3961 -0.059129 -0.17855 -0.20735 0.041137 -0.09358 1.832 0.11184 -0.15743 1.3353
21.4 0.097532 -0.1568 -1.5384 -0.031861 -0.1455 -1.2957 -0.02767 -0.17435 0.1327 0.036684 -0.08545 2.0718 0.12054 -0.12473 1.3106
21.5 0.096109 -0.16085 -1.9084 -0.032741 -0.15463 -1.6669 0.014374 -0.18513 -0.2511 -0.0035806 -0.038079 2.2753 0.12715 -0.1013 1.296
21.6 0.09226 -0.17039 -1.9544 -0.031418 -0.16091 -1.3633 0.034277 -0.19046 -0.26163 -0.047922 -0.027678 2.9112 0.13123 -0.057312 1.4783
21.7 0.089557 -0.17573 -2.0394 -0.0035815 -0.19194 -0.83964 0.046852 -0.19462 -0.31967 -0.085259 -0.029134 -3.1026 0.12867 -0.023985 1.6476
21.8 0.073863 -0.18953 -2.4202 0.049721 -0.20206 -0.18757 0.071601 -0.19386 0.030823 -0.11181 -0.043654 -2.6412 0.12695 -0.0064679 1.6687
21.9 0.047274 -0.20725 -2.554 0.058663 -0.20294 -0.097683 0.090842 -0.19306 0.041686 -0.11433 -0.053775 -1.8143 0.11688 0.024642 1.8839
22 0.030974 -0.21112 -2.9084 0.071027 -0.20038 0.20364 0.11817 -0.18188 0.38839 -0.11131 -0.096218 -1.4998 0.10909 0.038218 2.0913
22.1 0.027682 -0.21018 2.8653 0.084028 -0.19658 0.28441 0.1285 -0.17292 0.71424 -0.10056 -0.13089 -1.27 0.10357 0.049378 2.0304
22.2 0.020046 -0.20501 2.5463 0.10441 -0.18857 0.3746 0.15281 -0.13342 1.0191 -0.079461 -0.15086 -0.75812 0.10168 0.055418 1.8739
22.3 0.0064722 -0.17594 2.0076 0.11814 -0.1721 0.87592 0.15443 -0.10341 1.5169 -0.061705 -0.17443 -0.92509 0.10517 0.07604 1.4032
22.4 -0.0093387 -0.13775 1.9633 0.1198 -0.15169 1.4895 0.15336 -0.0847 1.6278 -0.053321 -0.18406 -0.85446 0.10732 0.10274 1.4904
22.5 -0.017134 -0.12557 2.1403 0.11656 -0.091616 1.6247 0.14847 -0.061114 1.7756 -0.03866 -0.19379 -0.58597 0.11345 0.12168 1.2582
22.6 -0.022921 -0.097459 1.7738 0.1139 -0.082293 1.8491 0.14525 -0.042619 1.7429 -0.026853 -0.19772 -0.32127 0.11687 0.13562 1.33
22.7 -0.033046 -0.064304 1.8672 0.10656 -0.063344 1.9403 0.14389 -0.011277 1.6142 0.0075205 -0.20608 -0.23844 0.11327 0.15073 1.8047
22.8 -0.039243 -0.050818 2.0015 0.10396 -0.057702 2.0023 0.14125 0.014952 1.6711 0.01874 -0.20894 -0.24998 0.099991 0.16019 2.5225
22.9 -0.042413 -0.027678 1.707 0.092525 -0.040762 2.1645 0.13882 0.036814 1.6813 0.039118 -0.21089 -0.095391 0.087549 0.16355 2.8775
23 -0.042812 -0.021083 1.6311 0.0884 -0.023973 1.8118 0.13811 0.047969 1.6347 0.056166 -0.2104 0.028542 0.062382 0.16296 -3.1182
23.1 -0.04842 0.0013558 1.8157 0.083565 -0.012226 1.9612 0.13661 0.065446 1.6565 0.084038 -0.20315 0.25465 0.0253 0.16767 3.0152
23.2 -0.054677 0.026046 1.819 0.073317 0.024042 1.8462 0.13834 0.096563 1.5151 0.11537 -0.17845 0.66758 0.00027791 0.16224 -2.9278
23.3 -0.05434 0.051771 1.5577 0.070792 0.043534 1.6997 0.13254 0.11711 1.846 0.11988 -0.14777 1.4249 -0.039957 0.16281 3.1274
23.4 -0.054481 0.06116 1.5858 0.065754 0.068572 1.7694 0.12772 0.13167 1.8907 0.1188 -0.13192 1.6389 -0.047216 0.16497 2.8526
23.5 -0.052308 0.090386 1.4966 0.071751 0.09562 1.3526 0.10881 0.1699 2.0301 0.11174 -0.11369 1.9402 -0.071744 0.16375 -3.0919
23.6 -0.05225 0.10093 1.5653 0.068763 0.12146 1.6859 0.099065 0.18372 2.1849 0.098252 -0.07886 1.9402 -0.083308 0.15825 -2.6975
23.7 -0.034996 0.1493 1.2282 0.068449 0.12634 1.6351 0.072136 0.19584 2.7186 0.084586 -0.041745 1.9236 -0.096413 0.1456 -2.3738
23.8 -0.036345 0.15613 1.7658 0.069221 0.16682 1.5517 0.03416 0.20734 2.8476 0.08116 -0.026308 1.7892 -0.11374 0.12535 -2.2786
23.9 -0.053161 0.16837 2.5124 0.069082 0.16712 2.0044 0.025238 0.20495 -2.8795 0.080997 -0.020395 1.5985 -0.14507 0.086157 -2.2451
24 -0.08492 0.1722 3.0215 0.054534 0.18263 2.3241 0.013768 0.19926 -2.6811 0.081532 -0.0073565 1.5298 -0.15289 0.042526 -1.7482
24.1 -0.093382 0.17353 2.9862 0.047917 0.1895 2.3375 -0.016463 0.18258 -2.6375 0.083744 0.0054135 1.3993 -0.14631 -0.00019639 -1.4181
24.2 -0.12028 0.16879 -2.9672 0.038838 0.19759 2.4135 -0.040255 0.17413 -2.8004 0.075006 0.059242 1.7317 -0.12651 -0.025784 -0.91224
24.3 -0.14847 0.1451 -2.4428 0.0054869 0.20232 3.0009 -0.064684 0.16841 -2.9116 0.069237 0.074046 1.9424 -0.11193 -0.031284 -0.36072
24.4 -0.17652 0.12005 -2.4127 -0.038203 0.20256 3.1361 -0.090585 0.16724 -3.0964 0.069271 0.080266 1.5653 -0.083269 -0.032871 -0.055309
24.5 -0.19577 0.09602 -2.246 -0.072145 0.20211 -3.1283 -0.13328 0.15311 -2.8219 0.066456 0.12263 1.6372 -0.060637 -0.021341 0.47119
24.6 -0.21336 0.059534 -2.0201 -0.099407 0.1925 -2.8028 -0.15799 0.13744 -2.5766 0.061306 0.15054 1.7532 -0.046743 0.0042342 1.0731
24.7 -0.22181 0.026741 -1.8229 -0.10491 0.18416 -2.1544 -0.18461 0.10939 -2.33 0.053635 0.17623 1.8609 -0.03698 0.017986 0.95346
24.8 -0.216 0.0056807 -1.3017 -0.11951 0.17014 -2.3763 -0.21257 0.057464 -2.0647 0.05018 0.1817 2.1348 -0.015663 0.061568 1.1159
24.9 -0.20413 -0.029437 -1.2448 -0.14404 0.15762 -2.6698 -0.22092 0.033462 -1.9057 0.045007 0.18601 2.4464 -0.0075567 0.098579 1.3552
25 -0.1801 -0.044215 -0.5514 -0.16158 0.13496 -2.2294 -0.22356 0.01532 -1.7151 0.034029 0.18561 -3.1052 -0.0019468 0.10771 1.0197
25.1 -0.15429 -0.058143 -0.49492 -0.17207 0.11427 -2.04 -0.21776 -0.0044718 -1.286 -0.0086391 0.1747 -2.8913 0.025661 0.13539 0.78685
25.2 -0.10408 -0.073129 -0.29003 -0.17473 0.10251 -1.7931 -0.20127 -0.030068 -0.99851 -0.018409 0.16997 -2.6906 0.035962 0.13794 0.24256
25.3 -0.091533 -0.070107 0.23637 -0.18302 0.083284 -1.9781 -0.17576 -0.042849 -0.46448 -0.037729 0.16497 -2.8881 0.060461 0.12977 -0.32212
25.4 -0.080598 -0.05787 0.8415 -0.18589 0.068825 -1.7668 -0.13524 -0.03813 0.11592 -0.06046 0.1632 -3.0642 0.079876 0.11813 -0.53984
25.5 -0.074894 -0.053131 0.69326 -0.17241 0.04765 -1.0038 -0.10075 -0.022265 0.43116 -0.10161 0.15201 -2.8761 0.094251 0.10293 -0.81356
25.6 -0.060448 -0.042522 0.63343 -0.16529 0.040965 -0.75359 -0.088159 -0.015867 0.47015 -0.11738 0.1416 -2.5581 0.10207 0.086497 -1.1267
25.7 -0.052791 -0.029562 1.0372 -0.14186 0.01895 -0.75446 -0.061636 0.020866 0.94542 -0.14164 0.12345 -2.4994 0.10696 0.043993 -1.4563
25.8 -0.043767 -0.017868 0.91358 -0.11264 0.014426 -0.1536 -0.053623 0.034503 1.0396 -0.17234 0.10658 -2.6391 0.10569 0.036199 -1.7321
25.9 -0.020807 0.012957 0.93061 -0.10653 0.015382 0.15522 -0.037576 0.079439 1.2278 -0.18307 0.090509 -2.1595 0.091185 0.015423 -2.1803
26 0.010473 0.057636 0.95999 -0.07759 0.036634 0.63342 -0.035 0.089172 1.312 -0.19722 0.07073 -2.1917 0.078824 -0.0015733 -2.1996
26.1 0.027234 0.098271 1.1796 -0.06931 0.056913 1.1831 -0.026075 0.11904 1.2805 -0.20473 0.048546 -1.8972 0.073375 -0.0085135 -2.2364
26.2 0.040796 0.12074 1.0276 -0.065021 0.087984 1.4336 -0.015073 0.13376 0.92878 -0.19561 0.017833 -1.2821 0.057027 -0.041159 -2.0351
26.3 0.053152 0.14058 1.0139 -0.060809 0.10612 1.3427 -0.00081575 0.15978 1.0696 -0.18691 -0.011504 -1.2827 0.05063 -0.064866 -1.8343
26.4 0.053986 0.1414 0.77761 -0.052822 0.12343 1.1385 0.020468 0.18445 0.85889 -0.16098 -0.035124 -0.73873 0.049921 -0.071125 -1.6835
26.5 0.072505 0.15269 0.54733 -0.040339 0.13656 0.81055 0.020614 0.18463 0.89397 -0.14555 -0.031511 0.23006 0.023927 -0.10624 -2.208
26.6 0.099558 0.1627 0.35443 -0.022684 0.14666 0.51962 0.023577 0.18601 0.43615 -0.11746 -0.012015 0.60663 0.00055087 -0.12259 -2.5314
26.7 0.11437 0.1632 0.034002 0.02906 0.17189 0.45357 0.054379 0.1934 0.2355 -0.097791 0.0093229 0.82615 -0.023185 -0.13252 -2.7454
26.8 0.13614 0.1569 -0.28182 0.057125 0.17417 0.081384 0.098486 0.18396 -0.21099 -0.066596 0.053236 0.95313 -0.071251 -0.15059 -2.7819
26.9 0.16229 0.14295 -0.48989 0.081284 0.15968 -0.54035 0.1338 0.16934 -0.39246 -0.055667 0.070107 0.99598 -0.10626 -0.14458 2.9716
27 0.16498 0.14062 -0.71594 0.08759 0.1548 -0.65899 0.14517 0.16276 -0.52438 -0.047555 0.07979 0.87345 -0.10915 -0.1438 2.8757
27.1 0.17052 0.11354 -1.3687 0.11869 0.12289 -0.79827 0.15488 0.15548 -0.64332 -0.02342 0.1033 0.77219 -0.15566 -0.11615 2.6054
27.2 0.16447 0.06445 -1.6934 0.12679 0.10097 -1.2168 0.16651 0.13906 -0.95424 -0.02138 0.10643 0.99332 -0.17937 -0.10215 2.6082
27.3 0.16372 0.063286 -2.1431 0.13703 0.067663 -1.2725 0.17811 0.089295 -1.3419 0.019414 0.15116 0.83141 -0.1849 -0.098047 2.503
27.4 0.14766 0.030534 -2.0269 0.13165 0.050928 -1.8817 0.17901 0.06515 -1.5335 0.057099 0.16702 0.3983 -0.19453 -0.085601 2.2294
27.5 0.1391 0.012225 -2.0081 0.12872 0.032026 -1.7244 0.16628 0.015642 -1.8225 0.071668 0.17114 0.27585 -0.19837 -0.072744 1.8609
27.6 0.13132 0.0056262 -2.4381 0.11737 0.016178 -2.1926 0.16074 0.0059222 -2.0889 0.12592 0.16116 -0.18185 -0.19853 -0.060669 1.5843
27.7 0.11756 -0.0023047 -2.6185 0.10134 0.0026372 -2.44 0.13708 -0.041664 -2.0322 0.14581 0.14828 -0.57505 -0.20118 -0.031023 1.6596
27.8 0.10991 -0.0087278 -2.4438 0.097023 -0.0011779 -2.418 0.13209 -0.045859 -2.443 0.16005 0.12408 -1.0387 -0.202 -0.0094848 1.6092
27.9 0.098002 -0.025396 -2.1909 0.067813 -0.032029 -2.3289 0.080914 -0.072092 -2.6679 0.16853 0.10212 -1.2023 -0.19904 0.01551 1.4527
28 0.084322 -0.039353 -2.3462 0.061516 -0.038454 -2.3461 0.051668 -0.096526 -2.4456 0.1697 0.096815 -1.3544 -0.19284 0.043501 1.3528
28.1 0.082742 -0.043835 -1.9096 0.047158 -0.06347 -2.0919 0.016961 -0.11784 -2.591 0.17303 0.076013 -1.4119 -0.16953 0.073562 0.9113
28.2 0.068938 -0.096373 -1.8277 0.029718 -0.099626 -2.0202 -0.034134 -0.15043 -2.5737 0.16591 0.059888 -1.9867 -0.15361 0.10957 1.1544
28.3 0.066398 -0.099061 -2.3277 0.010809 -0.12067 -2.3029 -0.052439 -0.16249 -2.5591 0.16459 0.044212 -1.6545 -0.13475 0.13161 0.863
28.4 0.028251 -0.11098 -2.8388 -0.016361 -0.14002 -2.5226 -0.072422 -0.16892 -2.8303 0.1492 0.017419 -2.0923 -0.11264 0.14271 0.46569
28.5 -0.024474 -0.14789 -2.5308 -0.062669 -0.14977 -2.9342 -0.086709 -0.1739 -2.8061 0.1291 0.0077894 -2.6948 -0.078764 0.16516 0.58512
28.6 -0.07003 -0.14192 3.0111 -0.082183 -0.16102 -2.6186 -0.1035 -0.17491 -3.082 0.11071 -0.0092659 -2.3937 -0.061697 0.17196 0.37902
28.7 -0.075931 -0.13801 2.5565 -0.11778 -0.16094 3.1393 -0.11934 -0.1691 2.7902 0.096495 -0.041331 -1.9882 -0.033584 0.1838 0.39861
28.8 -0.078972 -0.13478 2.3268 -0.13374 -0.15196 2.629 -0.14404 -0.15961 2.7749 0.089806 -0.050662 -2.1928 -0.012398 0.18909 0.24494
28.9 -0.088573 -0.12588 2.3938 -0.14626 -0.14362 2.5541 -0.16036 -0.14345 2.3609 0.078293 -0.063984 -2.2835 0.018365 0.20206 0.39901
29 -0.10409 -0.10586 2.2303 -0.15073 -0.13851 2.2892 -0.17427 -0.12623 2.2505 0.045427 -0.11126 -2.1783 0.048046 0.2043 0.0751
29.1 -0.10586 -0.09791 1.7895 -0.18015 -0.10353 2.2701 -0.18844 -0.098778 2.0472 0.027082 -0.12143 -2.6351 0.065779 0.19887 -0.29685
29.2 -0.12617 -0.041736 1.9177 -0.18971 -0.095185 2.4238 -0.19414 -0.084987 1.963 0.0077045 -0.1278 -2.8239 0.095294 0.18303 -0.49252
29.3 -0.12959 -0.0035567 1.6603 -0.20511 -0.076067 2.249 -0.19789 -0.055897 1.6989 0.0021682 -0.13066 -2.6652 0.1368 0.14639 -0.72332
29.4 -0.13016 0.017338 1.5981 -0.21561 -0.038768 1.8454 -0.19817 -0.033124 1.5832 -0.022367 -0.14418 -2.638 0.16483 0.11666 -0.81473
29.5 -0.13937 0.059919 1.7837 -0.22385 0.0099082 1.7384 -0.19296 -0.0076312 1.3693 -0.055181 -0.1389 2.982 0.17019 0.11103 -0.81016
29.6 -0.14105 0.087934 1.6308 -0.22233 0.028032 1.4869 -0.18814 0.013899 1.3505 -0.082976 -0.13671 3.063 0.19406 0.076447 -0.96657
29.7 -0.13263 0.12558 1.3508 -0.21322 0.047525 1.1337 -0.17958 0.025754 0.94509 -0.11829 -0.117 2.6324 0.19703 0.052115 -1.4494
29.8 -0.11491 0.14949 0.9328 -0.20936 0.054748 1.0798 -0.17436 0.034376 1.0264 -0.13103 -0.097915 2.1596 0.19594 0.032187 -1.6257
29.9 -0.092908 0.17066 0.76622 -0.19169 0.089019 1.0948 -0.16792 0.045655 1.0525 -0.12909 -0.071674 1.4972 0.19281 0.017503 -1.7806
