0 0.023154 -0.00066838 -0.98226
0.1 0.048631 -0.03081 -0.86907
0.2 0.063491 -0.043338 -0.70047
0.3 0.075246 -0.056797 -0.85286
0.4 0.084209 -0.064878 -0.73369
0.5 0.10616 -0.09042 -0.86076
0.6 0.13131 -0.10951 -0.64931
0.7 0.1605 -0.12216 -0.40882
0.8 0.17008 -0.12183 0.033822
0.9 0.18783 -0.1165 0.29179
1 0.19966 -0.10773 0.63834
1.1 0.21753 -0.089095 0.80603
1.2 0.22142 -0.065357 1.4084
1.3 0.22337 -0.050995 1.4363
1.4 0.20574 0.024317 1.8007
1.5 0.20177 0.063444 1.6718
1.6 0.19558 0.082764 1.8809
1.7 0.16728 0.13162 2.0957
1.8 0.16334 0.13698 2.2052
1.9 0.145 0.15824 2.2828
2 0.13655 0.16817 2.2756
2.1 0.1233 0.17952 2.4335
2.2 0.092077 0.201 2.5389
2.3 0.076086 0.21664 2.3674
2.4 0.046766 0.22868 2.7518
2.5 0.020073 0.23483 2.9151
2.6 -0.016307 0.23186 -3.0599
2.7 -0.041651 0.22397 -2.8401
2.8 -0.049739 0.22183 -2.883
2.9 -0.078289 0.21369 -2.8638
3 -0.095244 0.21002 -2.9284
3.1 -0.12018 0.19892 -2.7227
3.2 -0.1707 0.145 -2.3237
3.3 -0.18913 0.11355 -2.1008
3.4 -0.21524 0.055801 -1.9953
3.5 -0.22268 0.027578 -1.8285
3.6 -0.22379 0.021281 -1.7461
3.7 -0.22593 0.012288 -1.8043
3.8 -0.22236 5.2221e-05 -1.2868
3.9 -0.20944 -0.029527 -1.159
4 -0.2081 -0.032381 -1.1331
4.1 -0.19512 -0.070864 -1.2453
4.2 -0.19108 -0.087575 -1.3339
4.3 -0.19142 -0.10909 -1.5864
4.4 -0.18405 -0.13901 -1.3293
4.5 -0.17318 -0.16052 -1.1028
4.6 -0.16093 -0.17264 -0.7799
4.7 -0.12678 -0.20313 -0.7289
4.8 -0.096675 -0.21544 -0.38834
4.9 -0.072351 -0.22477 -0.3661
5 -0.051349 -0.22853 -0.17741
5.1 -0.02641 -0.22621 0.092758
5.2 0.069085 -0.21234 0.14428
5.3 0.10949 -0.19224 0.46162
5.4 0.1403 -0.18076 0.35651
5.5 0.17138 -0.15822 0.62756
5.6 0.18771 -0.13806 0.8898
5.7 0.18895 -0.11845 1.5079
5.8 0.19096 -0.086131 1.5086
5.9 0.19835 -0.054913 1.3384
6 0.22553 -0.010806 1.0185
6.1 0.23105 0.0039895 1.2135
6.2 0.23053 0.052542 1.5814
6.3 0.22672 0.063002 1.9204
6.4 0.21707 0.085693 1.9728
6.5 0.20366 0.10852 2.1022
6.6 0.16395 0.15385 2.2902
6.7 0.15163 0.16227 2.5419
6.8 0.11374 0.18582 2.5855
6.9 0.10115 0.19118 2.7391
7 0.089246 0.19895 2.5633
7.1 0.063108 0.21337 2.6376
7.2 0.051131 0.21643 2.8912
7.3 0.047613 0.2159 -2.9907
7.4 -0.014621 0.21346 -3.1025
7.5 -0.031244 0.2098 -2.9248
7.6 -0.045624 0.2086 -3.0579
7.7 -0.093765 0.20917 3.1296
7.8 -0.11559 0.20558 -2.9787
7.9 -0.16183 0.17193 -2.5123
8 -0.18382 0.15094 -2.3794
8.1 -0.18817 0.14697 -2.4031
8.2 -0.20659 0.11179 -2.0532
8.3 -0.21461 0.091214 -1.9423
8.4 -0.22804 0.036978 -1.8136
8.5 -0.22783 0.018003 -1.5594
8.6 -0.22918 -0.011987 -1.6159
8.7 -0.23159 -0.021353 -1.8229
8.8 -0.22839 -0.036225 -1.3586
8.9 -0.21621 -0.068807 -1.213
9 -0.20491 -0.086568 -1.0044
9.1 -0.17416 -0.15401 -1.1429
9.2 -0.14902 -0.16966 -0.55694
9.3 -0.12911 -0.18062 -0.50328
9.4 -0.074291 -0.20612 -0.43541
9.5 -0.034671 -0.2189 -0.31195
9.6 0.013265 -0.23116 -0.25052
9.7 0.018733 -0.23195 -0.14217
9.8 0.029622 -0.22914 0.25256
9.9 0.054406 -0.21137 0.62202
10 0.075958 -0.19588 0.62312
10.1 0.098228 -0.16931 0.8733
10.2 0.14218 -0.13558 0.65452
10.3 0.17392 -0.12271 0.3852
10.4 0.18985 -0.11423 0.48885
10.5 0.20883 -0.091714 0.87068
10.6 0.22048 -0.06392 1.1737
10.7 0.22737 -0.051964 1.0482
10.8 0.23065 -0.024113 1.4533
10.9 0.22719 0.0074797 1.68
11 0.22131 0.028968 1.8379
11.1 0.22019 0.03539 1.7429
11.2 0.21676 0.05278 1.7656
11.3 0.20693 0.082023 1.895
11.4 0.20549 0.090313 1.7434
11.5 0.20145 0.10167 1.9129
11.6 0.19526 0.11598 1.9788
11.7 0.17777 0.14142 2.173
11.8 0.16985 0.15027 2.3007
11.9 0.14153 0.17325 2.4598
12 0.080762 0.20445 2.6674
12.1 0.042917 0.21863 2.783
12.2 0.0094737 0.23081 2.7923
12.3 -0.0023855 0.23183 3.0559
12.4 -0.022533 0.23158 -3.1289
12.5 -0.035073 0.22415 -2.6072
12.6 -0.063744 0.21073 -2.7037
12.7 -0.087861 0.20147 -2.7749
12.8 -0.13137 0.18336 -2.7472
12.9 -0.15636 0.15787 -2.3464
13 -0.17302 0.12205 -2.0062
13.1 -0.19963 0.085556 -2.2008
13.2 -0.21308 0.061079 -2.0734
13.3 -0.21879 0.026693 -1.7354
13.4 -0.22102 0.01617 -1.7794
13.5 -0.22089 0.008885 -1.5527
13.6 -0.22664 -0.01736 -1.7865
13.7 -0.22652 -0.022622 -1.5479
13.8 -0.22384 -0.04561 -1.4549
13.9 -0.22264 -0.056361 -1.4597
14 -0.21926 -0.066871 -1.2595
14.1 -0.20453 -0.093759 -1.0696
14.2 -0.18433 -0.11934 -0.90232
14.3 -0.17128 -0.12939 -0.65631
14.4 -0.14189 -0.15837 -0.77833
14.5 -0.10892 -0.18881 -0.74567
14.6 -0.082634 -0.21671 -0.81502
14.7 -0.074589 -0.22303 -0.66639
14.8 -0.018935 -0.23039 -0.13148
14.9 0.010355 -0.22991 0.016449
15 0.058248 -0.21543 0.29364
15.1 0.079003 -0.20408 0.5003
15.2 0.11456 -0.17658 0.65836
15.3 0.15913 -0.15106 0.52
15.4 0.17241 -0.12945 1.0197
15.5 0.18205 -0.10441 1.2034
15.6 0.19151 -0.055838 1.3784
15.7 0.19541 -0.025023 1.4452
15.8 0.19605 -0.017399 1.4868
15.9 0.19337 0.033127 1.6237
16 0.19252 0.067969 1.5952
16.1 0.17977 0.099101 1.9597
16.2 0.17054 0.13469 1.8243
16.3 0.16015 0.16553 1.896
16.4 0.14186 0.18941 2.2242
16.5 0.10979 0.21136 2.5414
16.6 0.091315 0.21913 2.7437
16.7 0.054238 0.2345 2.7485
16.8 0.028657 0.24097 2.8938
16.9 0.0072195 0.2438 3.0106
17 -0.0040965 0.2436 -3.1239
17.1 -0.021944 0.24045 -2.9672
17.2 -0.060468 0.21945 -2.6424
17.3 -0.098535 0.20247 -2.7221
17.4 -0.11665 0.19092 -2.5737
17.5 -0.14155 0.16851 -2.4088
17.6 -0.15992 0.13516 -2.0743
17.7 -0.15833 0.11186 -1.5028
17.8 -0.17138 0.084203 -2.012
17.9 -0.17353 0.070422 -1.7256
18 -0.17604 0.041361 -1.6568
18.1 -0.18603 0.0042358 -1.8338
18.2 -0.18576 -0.001707 -1.5246
18.3 -0.18297 -0.042804 -1.5031
18.4 -0.18234 -0.065439 -1.5428
18.5 -0.15911 -0.10037 -0.9839
18.6 -0.15172 -0.11232 -1.0173
18.7 -0.12914 -0.1482 -1.009
18.8 -0.096891 -0.19117 -0.92698
18.9 -0.082469 -0.19824 -0.45572
19 -0.034423 -0.22426 -0.49635
19.1 -0.018139 -0.2245 -0.01456
19.2 -0.0051584 -0.21886 0.40931
19.3 0.029976 -0.19976 0.49794
19.4 0.048703 -0.18588 0.63782
19.5 0.071523 -0.17147 0.56331
19.6 0.078227 -0.16967 0.26327
19.7 0.12466 -0.1351 0.64002
19.8 0.14855 -0.12724 0.31747
19.9 0.17782 -0.10931 0.54983
20 0.1983 -0.10057 0.40302
20.1 0.22458 -0.066455 0.91448
20.2 0.23307 -0.048996 1.1183
20.3 0.23818 -0.017624 1.4093
20.4 0.23591 -0.0018986 1.714
20.5 0.23016 0.022153 1.8053
20.6 0.22425 0.072055 1.6887
20.7 0.21084 0.10525 1.9547
20.8 0.18622 0.14474 2.1283
20.9 0.14247 0.19355 2.3017
21 0.13864 0.19585 2.5998
21.1 0.093351 0.22177 2.6218
21.2 0.03701 0.22474 3.0889
21.3 0.0062556 0.2158 -2.8585
21.4 -0.0014005 0.21245 -2.7291
21.5 -0.027147 0.20264 -2.7778
21.6 -0.037224 0.19663 -2.6036
21.7 -0.045606 0.18739 -2.3076
21.8 -0.057327 0.17469 -2.3161
21.9 -0.067402 0.15396 -2.0232
22 -0.076265 0.14255 -2.2311
22.1 -0.081505 0.12955 -1.954
22.2 -0.084656 0.12196 -1.9642
22.3 -0.11206 0.093103 -2.3302
22.4 -0.12432 0.070933 -2.0761
22.5 -0.13108 0.02821 -1.7278
22.6 -0.13187 0.014367 -1.6273
22.7 -0.13459 0.0021979 -1.791
22.8 -0.13448 -0.0096299 -1.562
22.9 -0.13466 -0.016706 -1.5952
23 -0.14863 -0.061716 -1.8717
23.1 -0.15786 -0.10995 -1.76
23.2 -0.15601 -0.12688 -1.4621
23.3 -0.15088 -0.15433 -1.386
23.4 -0.14415 -0.17049 -1.1761
23.5 -0.13136 -0.19012 -0.99308
23.6 -0.098411 -0.21659 -0.67695
23.7 -0.060788 -0.2273 -0.27733
23.8 -0.039527 -0.23159 -0.19891
23.9 0.0092233 -0.23407 -0.050794
24 0.025267 -0.2356 -0.095155
24.1 0.044617 -0.22823 0.36351
24.2 0.096718 -0.1814 0.73218
24.3 0.12255 -0.15479 0.80027
24.4 0.12618 -0.14992 0.93093
24.5 0.14655 -0.12579 0.8696
24.6 0.16449 -0.1135 0.60049
24.7 0.18408 -0.094369 0.77358
24.8 0.20375 -0.074559 0.78907
24.9 0.21947 -0.060706 0.72239
25 0.22865 -0.046013 1.0121
25.1 0.22881 -0.045268 1.3676
25.2 0.22881 -0.03513 1.5706
25.3 0.23389 -0.0013135 1.4216
25.4 0.22369 0.076005 1.7019
25.5 0.20799 0.11404 1.9623
25.6 0.19927 0.12919 2.0927
25.7 0.16804 0.15457 2.4593
25.8 0.1433 0.18114 2.3205
25.9 0.13562 0.19014 2.2775
26 0.093965 0.21089 2.6793
26.1 0.072526 0.21774 2.8325
26.2 0.047346 0.22669 2.8001
26.3 0.028807 0.23487 2.726
26.4 0.017467 0.23659 2.9907
26.5 0.00064193 0.2394 2.9763
26.6 -0.0089232 0.24005 3.0732
26.7 -0.049079 0.2315 -2.9316
26.8 -0.0645 0.22771 -2.901
26.9 -0.094051 0.21088 -2.6238
27 -0.10389 0.20377 -2.5157
27.1 -0.13483 0.18526 -2.6025
27.2 -0.14623 0.17461 -2.3903
27.3 -0.16586 0.15731 -2.4192
27.4 -0.18575 0.13334 -2.2634
27.5 -0.19817 0.11259 -2.1104
27.6 -0.21929 0.062928 -1.9729
27.7 -0.23169 0.016614 -1.8322
27.8 -0.22657 -0.027269 -1.4546
27.9 -0.21078 -0.060507 -1.1274
28 -0.20701 -0.079757 -1.3772
28.1 -0.20348 -0.11469 -1.4701
28.2 -0.1992 -0.12503 -1.1787
28.3 -0.17968 -0.15138 -0.93313
28.4 -0.16349 -0.16219 -0.58891
28.5 -0.13612 -0.18197 -0.62582
28.6 -0.11907 -0.19346 -0.5929
28.7 -0.098095 -0.2071 -0.57655
28.8 -0.047145 -0.22718 -0.37544
28.9 -0.036731 -0.2315 -0.39352
29 -0.03379 -0.23238 -0.29074
29.1 -0.015012 -0.23663 -0.22221
29.2 0.032957 -0.23488 0.036407
29.3 0.066409 -0.22087 0.39654
29.4 0.09033 -0.20217 0.66355
29.5 0.12619 -0.17735 0.60547
29.6 0.16327 -0.15357 0.57028
29.7 0.17778 -0.12864 1.0437
29.8 0.18354 -0.1184 1.0585
29.9 0.19352 -0.090712 1.2248
