0 0.047192 -0.074863 -1.3844 0.11153 0.0081519 -0.65378
0.1 0.049059 -0.092945 -1.4679 0.13189 -0.0064422 -0.62202
0.2 0.048042 -0.11618 -1.6145 0.14737 -0.024973 -0.8746
0.3 0.049603 -0.13953 -1.5041 0.16005 -0.057559 -1.1998
0.4 0.061601 -0.1521 -0.80879 0.16225 -0.076482 -1.455
0.5 0.080589 -0.16228 -0.49181 0.17773 -0.12033 -1.2314
0.6 0.10257 -0.17465 -0.51285 0.17849 -0.12554 -1.4261
0.7 0.11579 -0.17982 -0.37262 0.17337 -0.14593 -1.8167
0.8 0.12451 -0.1803 -0.054822 0.17074 -0.15209 -1.9754
0.9 0.14517 -0.17668 0.17337 0.16514 -0.16112 -2.1256
1 0.15289 -0.17293 0.45214 0.15509 -0.17611 -2.1614
1.1 0.16998 -0.16285 0.53297 0.1394 -0.19034 -2.4047
1.2 0.19046 -0.14434 0.73481 0.13031 -0.19778 -2.456
1.3 0.19408 -0.14064 0.79782 0.11725 -0.20768 -2.493
1.4 0.20076 -0.12791 1.0875 0.11081 -0.21059 -2.7169
1.5 0.21287 -0.10304 1.1176 0.092278 -0.21335 -2.9942
1.6 0.21281 -0.092632 1.5767 0.037522 -0.22994 -2.8473
1.7 0.21435 -0.071262 1.4988 0.027026 -0.2335 -2.8149
1.8 0.21444 -0.054816 1.5654 -0.019069 -0.23393 -3.1323
1.9 0.2028 -0.011167 1.8313 -0.027242 -0.23148 2.851
2 0.20294 -0.010128 1.4388 -0.053981 -0.2169 2.6424
2.1 0.22291 0.023421 1.0338 -0.08937 -0.19243 2.5367
2.2 0.22548 0.054246 1.4877 -0.095138 -0.18486 2.2214
2.3 0.2204 0.079862 1.7667 -0.11081 -0.14724 1.9654
2.4 0.21384 0.10715 1.8067 -0.11827 -0.13099 2.0015
2.5 0.19908 0.12009 2.4215 -0.13062 -0.08 1.8084
2.6 0.18396 0.12382 2.9004 -0.13215 -0.069859 1.7204
2.7 0.16351 0.12638 3.0168 -0.14159 -0.036557 1.8471
2.8 0.1002 0.1325 3.0452 -0.14212 -0.025386 1.6179
2.9 0.068092 0.13002 -3.0646 -0.14153 -0.010403 1.5314
3 0.054999 0.12766 -2.9628 -0.13028 0.018371 1.1982
3.1 0.045094 0.12864 3.0423 -0.1237 0.036539 1.2234
3.2 0.042574 0.12881 3.0745 -0.10093 0.055483 0.69383
3.3 0.017495 0.12571 -3.0185 -0.070156 0.079514 0.663
3.4 0.014699 0.12509 -2.9244 -0.04482 0.08907 0.36068
3.5 0.010112 0.12398 -2.9033 -0.025503 0.090695 0.08389
3.6 -0.03408 0.096782 -2.5899 0.0036801 0.088076 -0.089497
3.7 -0.05034 0.073724 -2.185 0.019406 0.085491 -0.16288
3.8 -0.047401 0.039305 -1.4856 0.048449 0.090023 0.15476
3.9 -0.039052 0.0068622 -1.3189 0.08492 0.095653 0.15316
4 -0.033199 -0.045628 -1.4598 0.1169 0.090495 -0.15993
4.1 -0.038874 -0.085726 -1.7114 0.15331 0.082951 -0.20428
4.2 -0.038682 -0.11628 -1.5645 0.19829 0.060412 -0.46449
4.3 -0.048383 -0.16637 -1.7621 0.20531 0.052014 -0.87454
4.4 -0.050775 -0.17684 -1.7955 0.22557 0.025148 -0.92477
4.5 -0.053557 -0.18866 -1.8019 0.22875 0.01242 -1.3261
4.6 -0.055164 -0.20389 -1.6759 0.22688 0.00094255 -1.732
4.7 -0.054388 -0.20899 -1.4197 0.22476 -0.0073951 -1.8201
4.8 -0.048871 -0.21764 -1.0033 0.19826 -0.071719 -1.9616
4.9 -0.044118 -0.22267 -0.8138 0.18244 -0.11159 -1.9485
5 -0.041148 -0.22494 -0.65233 0.17388 -0.12851 -2.0389
5.1 -0.01944 -0.23048 -0.25002 0.16601 -0.14401 -2.041
5.2 -0.010924 -0.23364 -0.35522 0.16169 -0.15613 -1.913
5.3 0.0011492 -0.23524 -0.13167 0.14867 -0.1785 -2.0977
5.4 0.028114 -0.22808 0.25949 0.12451 -0.19276 -2.6086
5.5 0.050697 -0.20912 0.69847 0.089458 -0.21533 -2.5694
5.6 0.057525 -0.17575 1.369 0.086351 -0.21776 -2.4775
5.7 0.060981 -0.15937 1.3628 0.074495 -0.22187 -2.8081
5.8 0.067036 -0.11684 1.4294 0.068805 -0.22471 -2.6792
5.9 0.074902 -0.073515 1.3912 0.033962 -0.23216 -2.9308
6 0.075673 -0.062026 1.5037 0.027871 -0.23353 -2.9207
6.1 0.092496 -0.025754 1.1365 0.016081 -0.23521 -3
6.2 0.10358 -0.01725 0.65432 -0.019248 -0.23825 -3.0558
6.3 0.12156 0.00064943 0.78315 -0.029381 -0.23718 3.0359
6.4 0.13132 0.013893 0.93584 -0.033033 -0.23668 3.0063
6.5 0.1513 0.033214 0.76857 -0.040552 -0.2337 2.765
6.6 0.16935 0.055731 0.89516 -0.060773 -0.22373 2.6835
6.7 0.17332 0.075329 1.3709 -0.064823 -0.22069 2.4972
6.8 0.17742 0.094012 1.3546 -0.092027 -0.20259 2.5544
6.9 0.17705 0.10762 1.598 -0.10339 -0.19474 2.5368
7 0.17826 0.12232 1.4887 -0.12596 -0.16755 2.2639
7.1 0.17432 0.13624 1.8469 -0.13332 -0.15485 2.096
7.2 0.16659 0.15201 2.0262 -0.1403 -0.1152 1.7449
7.3 0.16368 0.15876 1.9789 -0.14108 -0.097807 1.6155
7.4 0.15452 0.17552 2.0708 -0.14312 -0.054814 1.6183
7.5 0.13042 0.18927 2.6232 -0.13704 -0.034162 1.2843
7.6 0.10407 0.19384 2.9697 -0.12243 0.0020078 1.187
7.7 0.078303 0.1927 -3.0972 -0.11675 0.027964 1.3553
7.8 0.043257 0.1734 -2.6383 -0.11354 0.053875 1.4476
7.9 0.036824 0.1668 -2.3433 -0.11517 0.077896 1.6385
8 0.011029 0.13421 -2.2404 -0.10967 0.10157 1.3428
8.1 0.0026796 0.11809 -2.0486 -0.1095 0.10233 1.3473
8.2 -0.0058021 0.097942 -1.9693 -0.1054 0.1443 1.4733
8.3 -0.0095335 0.082388 -1.8062 -0.10525 0.15049 1.5475
8.4 -0.0057646 0.049803 -1.4557 -0.098789 0.17893 1.3474
8.5 -0.0053211 0.035505 -1.5398 -0.097909 0.18744 1.4678
8.6 -0.0061582 0.027091 -1.67 -0.094756 0.19724 1.2594
8.7 -0.018046 0.003983 -2.0459 -0.094507 0.19804 1.2697
8.8 -0.023792 -0.025973 -1.7603 -0.071722 0.21681 0.68897
8.9 -0.044756 -0.064319 -2.0711 -0.064861 0.22076 0.52292
9 -0.066855 -0.10146 -2.1075 -0.044201 0.22313 0.11431
9.1 -0.07148 -0.10837 -2.1604 -0.033896 0.21957 -0.33311
9.2 -0.078454 -0.11642 -2.2847 0.010749 0.21775 -0.040611
9.3 -0.09475 -0.1231 -2.7527 0.046167 0.21265 -0.14323
9.4 -0.11275 -0.12618 -2.972 0.082435 0.1935 -0.48583
9.5 -0.12612 -0.12864 -2.9597 0.12558 0.18353 -0.22699
9.6 -0.1519 -0.12685 3.0722 0.17572 0.15498 -0.51756
9.7 -0.17578 -0.11425 2.656 0.18614 0.13075 -1.1647
9.8 -0.19263 -0.094312 2.2726 0.19148 0.09529 -1.4214
9.9 -0.20615 -0.075329 2.1896 0.19025 0.07961 -1.6492
10 -0.22071 -0.055 2.1925 0.16647 0.055825 -2.3561
10.1 -0.23073 -0.023647 1.8801 0.15484 0.042592 -2.2916
10.2 -0.22547 0.02551 1.4641 0.15016 0.036318 -2.2126
10.3 -0.22257 0.037802 1.3395 0.14356 0.027077 -2.1905
10.4 -0.21736 0.060044 1.3407 0.12003 0.0070095 -2.4356
10.5 -0.21387 0.089175 1.4513 0.088425 -0.019682 -2.4402
10.6 -0.20997 0.10981 1.3844 0.074301 -0.034073 -2.3468
10.7 -0.20357 0.11897 0.96057 0.043497 -0.062519 -2.396
10.8 -0.1855 0.13496 0.72432 0.033008 -0.078224 -2.1596
10.9 -0.16301 0.15662 0.76654 0.020838 -0.10918 -1.9454
11 -0.14087 0.16892 0.50724 0.016226 -0.11399 -2.3352
11.1 -0.12357 0.17168 0.15829 -0.0014498 -0.11968 -2.83
11.2 -0.10076 0.17248 0.035115 -0.017647 -0.12743 -2.6956
11.3 -0.090227 0.17422 0.1632 -0.047487 -0.14475 -2.6157
11.4 -0.062528 0.1751 0.032063 -0.070909 -0.1549 -2.7324
11.5 -0.050508 0.17546 0.02977 -0.08574 -0.15585 -3.0777
11.6 -0.03486 0.17441 -0.067355 -0.10211 -0.15593 -3.1367
11.7 -0.0082624 0.1638 -0.37951 -0.13204 -0.14153 2.6931
11.8 0.033373 0.14877 -0.34646 -0.159 -0.11715 2.4065
11.9 0.075185 0.1404 -0.19747 -0.17994 -0.10313 2.5514
12 0.088315 0.13513 -0.38156 -0.18944 -0.060433 1.7898
12.1 0.10427 0.12521 -0.5566 -0.19018 -0.021914 1.59
12.2 0.14839 0.098012 -0.55234 -0.18812 -0.0025875 1.4648
12.3 0.17014 0.080549 -0.67661 -0.18317 0.023624 1.384
12.4 0.19323 0.053772 -0.85913 -0.18615 0.05568 1.6636
12.5 0.20399 0.037504 -0.98667 -0.18894 0.080524 1.6825
12.6 0.20627 0.032136 -1.1686 -0.17595 0.12959 1.312
12.7 0.2249 0.0090243 -0.89225 -0.16581 0.15638 1.2087
12.8 0.22958 -0.018314 -1.4012 -0.15543 0.17497 1.062
12.9 0.22921 -0.030115 -1.6022 -0.14299 0.18711 0.77257
13 0.22284 -0.04465 -1.984 -0.11638 0.20633 0.62566
13.1 0.21163 -0.066078 -2.053 -0.091904 0.21271 0.2552
13.2 0.20119 -0.083118 -2.1204 -0.062906 0.22089 0.27465
13.3 0.15275 -0.12241 -2.46 -0.043952 0.22787 0.35333
13.4 0.13685 -0.13481 -2.4795 -0.030679 0.22814 0.019572
13.5 0.12819 -0.14094 -2.5252 -0.00029533 0.22009 -0.25898
13.6 0.12493 -0.14479 -2.2746 0.011008 0.21524 -0.40483
13.7 0.11925 -0.15535 -2.0644 0.021926 0.20985 -0.45864
13.8 0.10402 -0.19001 -1.9847 0.054257 0.19101 -0.52762
13.9 0.094679 -0.19965 -2.3403 0.084226 0.17032 -0.60417
14 0.078266 -0.20878 -2.6343 0.10286 0.1666 -0.1973
14.1 0.039732 -0.21727 -2.9248 0.11294 0.16402 -0.25081
14.2 0.022479 -0.22222 -2.8618 0.12703 0.15766 -0.42389
14.3 -0.005904 -0.23324 -2.7714 0.16702 0.13101 -0.58789
14.4 -0.012153 -0.23473 -2.9068 0.17786 0.12115 -0.73779
14.5 -0.019205 -0.23589 -2.9786 0.20134 0.097104 -0.79729
14.6 -0.032357 -0.23638 -3.1048 0.20812 0.086532 -1.0006
14.7 -0.041946 -0.23523 3.0227 0.22749 0.050516 -1.0774
14.8 -0.045843 -0.23421 2.8843 0.23084 0.024959 -1.4405
14.9 -0.052137 -0.23326 2.9926 0.22942 0.0065187 -1.6476
15 -0.077847 -0.2237 2.7855 0.22807 -0.0013183 -1.7409
15.1 -0.083269 -0.22172 2.7917 0.21825 -0.014434 -2.2135
15.2 -0.091098 -0.21547 2.4678 0.21369 -0.021423 -2.1487
15.3 -0.1099 -0.19243 2.2554 0.18973 -0.033419 -2.6776
15.4 -0.11855 -0.18049 2.1979 0.17666 -0.03801 -2.8036
15.5 -0.13772 -0.13268 1.9519 0.1419 -0.043652 -2.9807
15.6 -0.15102 -0.1013 1.9718 0.10382 -0.054784 -2.8572
15.7 -0.1546 -0.078121 1.724 0.057843 -0.067853 -2.8647
15.8 -0.15307 -0.071452 1.3464 0.028349 -0.08073 -2.7299
15.9 -0.13484 -0.048715 0.89482 0.011827 -0.088958 -2.6795
16 -0.12192 -0.030686 0.94896 -0.0023199 -0.094337 -2.7783
16.1 -0.11607 -0.018381 1.1273 -0.026651 -0.10524 -2.7203
16.2 -0.098292 0.018623 1.1229 -0.046551 -0.11697 -2.6092
16.3 -0.087336 0.051441 1.2486 -0.060534 -0.12315 -2.725
16.4 -0.073815 0.092885 1.2554 -0.09112 -0.12301 3.1369
16.5 -0.065554 0.11409 1.1992 -0.095248 -0.12388 -2.9331
16.6 -0.048128 0.14813 1.0977 -0.12486 -0.13091 -2.9087
16.7 -0.040892 0.16081 1.0521 -0.14852 -0.14744 -2.5316
16.8 -0.026273 0.18628 1.0498 -0.15069 -0.14865 -2.6314
16.9 -0.022313 0.19199 0.96489 -0.15143 -0.14929 -2.4315
17 -0.0090788 0.20776 0.87248 -0.15237 -0.15044 -2.2587
17.1 -0.0045804 0.21295 0.85707 -0.15265 -0.15849 -1.6058
17.2 0.00074637 0.21885 0.83609 -0.15031 -0.16777 -1.3229
17.3 0.013919 0.22489 0.42968 -0.14874 -0.16991 -0.9371
17.4 0.030916 0.23002 0.29314 -0.12732 -0.18489 -0.61045
17.5 0.075713 0.21968 -0.22681 -0.11539 -0.19281 -0.58623
17.6 0.1083 0.19208 -0.70259 -0.09481 -0.20192 -0.4166
17.7 0.11507 0.18276 -0.94251 -0.058921 -0.20148 0.012229
17.8 0.13127 0.1588 -0.97628 -0.039049 -0.19876 0.13573
17.9 0.15658 0.11972 -0.99611 -0.02611 -0.19057 0.56441
18 0.1639 0.10471 -1.1172 0.0051667 -0.17621 0.43037
18.1 0.17835 0.073134 -1.1416 0.019358 -0.17167 0.31014
18.2 0.18668 0.058866 -1.0424 0.060009 -0.15099 0.4706
18.3 0.20096 0.045081 -0.76776 0.08462 -0.13195 0.65832
18.4 0.20587 0.040998 -0.69356 0.094118 -0.11872 0.9482
18.5 0.21627 0.030149 -0.80647 0.11523 -0.092227 0.89801
18.6 0.22981 0.0033022 -1.1038 0.12139 -0.075942 1.209
18.7 0.23303 -0.012455 -1.3694 0.12599 -0.070535 0.86575
18.8 0.22264 -0.031097 -2.0792 0.13449 -0.06247 0.75894
18.9 0.21816 -0.046393 -1.8558 0.14169 -0.056419 0.69935
19 0.21007 -0.058192 -2.1715 0.17114 -0.040836 0.48663
19.1 0.19098 -0.074561 -2.4327 0.19991 -0.030874 0.3334
19.2 0.17059 -0.08857 -2.5396 0.21474 -0.016694 0.7627
19.3 0.13184 -0.10142 -2.8213 0.22574 -0.0034152 0.87935
19.4 0.11784 -0.10963 -2.6113 0.22894 0.0055113 1.2264
19.5 0.091983 -0.11761 -2.8424 0.22843 0.033361 1.589
19.6 0.073508 -0.11835 -3.1012 0.22267 0.056484 1.8149
19.7 0.052307 -0.12507 -2.8348 0.22106 0.075641 1.655
19.8 0.036712 -0.13464 -2.5912 0.21755 0.086177 1.8921
19.9 -0.012291 -0.15931 -2.6752 0.21253 0.10154 1.8865
20 -0.030503 -0.16786 -2.7027 0.20293 0.12058 2.0379
20.1 -0.061354 -0.18778 -2.5683 0.1939 0.1308 2.2946
20.2 -0.073671 -0.19586 -2.5608 0.17705 0.14152 2.575
20.3 -0.084581 -0.19888 -2.8717 0.15643 0.13726 -2.9379
20.4 -0.092601 -0.19907 -3.117 0.13474 0.11682 -2.3858
20.5 -0.11201 -0.19639 3.0044 0.13261 0.11046 -1.8947
20.6 -0.12584 -0.19417 2.9822 0.12875 0.093973 -1.8009
20.7 -0.14204 -0.18249 2.5173 0.10973 0.056483 -2.0403
20.8 -0.15478 -0.17324 2.5133 0.10888 0.049001 -1.6837
20.9 -0.16737 -0.15733 2.2402 0.10163 0.039587 -2.227
21 -0.17663 -0.13749 2.0075 0.096967 0.031264 -2.0815
21.1 -0.19265 -0.10377 2.0143 0.090488 0.018842 -2.0515
21.2 -0.19598 -0.093822 1.8943 0.077011 0.001305 -2.226
21.3 -0.20103 -0.082549 1.9914 0.067165 -0.0079146 -2.3891
21.4 -0.2019 -0.073598 1.6684 0.058855 -0.019229 -2.2042
21.5 -0.19809 -0.024254 1.4937 0.036633 -0.041118 -2.3638
21.6 -0.19376 -0.0015877 1.382 0.025503 -0.04645 -2.6949
21.7 -0.18839 0.026999 1.3849 0.018236 -0.055143 -2.2671
21.8 -0.18636 0.040999 1.4269 0.012728 -0.061072 -2.3194
21.9 -0.1837 0.050705 1.3035 -0.00076051 -0.069892 -2.5625
22 -0.16055 0.084217 0.96632 -0.03142 -0.087193 -2.6279
22.1 -0.11818 0.10807 0.51279 -0.069702 -0.11627 -2.492
22.2 -0.090705 0.11777 0.33924 -0.091297 -0.13476 -2.4335
22.3 -0.058752 0.11342 -0.13517 -0.10875 -0.14884 -2.4629
22.4 -0.018348 0.10678 -0.16292 -0.12104 -0.14959 -3.0804
22.5 0.0028514 0.091024 -0.63924 -0.13691 -0.14935 3.1262
22.6 0.014005 0.059979 -1.2259 -0.15515 -0.15203 -2.9957
22.7 0.021133 0.039457 -1.2365 -0.16295 -0.14855 2.7219
22.8 0.038822 0.0027656 -1.1216 -0.18912 -0.12465 2.4015
22.9 0.079359 -0.032149 -0.71101 -0.20321 -0.093703 1.9981
23 0.099892 -0.050545 -0.73058 -0.20715 -0.078461 1.8235
23.1 0.12539 -0.058106 -0.2883 -0.21279 -0.041134 1.7209
23.2 0.14455 -0.070387 -0.57005 -0.21164 0.016071 1.5506
23.3 0.16597 -0.11409 -1.115 -0.20508 0.044985 1.3478
23.4 0.16816 -0.12008 -1.22 -0.19761 0.074123 1.3198
23.5 0.16838 -0.14852 -1.5632 -0.19169 0.086974 1.1393
23.6 0.16575 -0.15677 -1.8783 -0.18639 0.09612 1.0454
23.7 0.157 -0.16755 -2.2529 -0.17692 0.10606 0.8097
23.8 0.13983 -0.18029 -2.5036 -0.14614 0.12056 0.4402
23.9 0.10155 -0.18798 -2.9432 -0.12514 0.12742 0.31558
24 0.083635 -0.18921 -3.073 -0.10071 0.13083 0.13878
24.1 0.040364 -0.19177 -3.0826 -0.072757 0.12099 -0.33838
24.2 -0.0084885 -0.19454 -3.0849 -0.056005 0.11327 -0.43174
24.3 -0.035434 -0.18856 2.9233 -0.026891 0.080109 -0.85035
24.4 -0.068063 -0.1882 3.1304 -0.019726 0.04128 -1.3883
24.5 -0.11197 -0.18786 3.1339 -0.016415 0.035687 -1.0363
24.6 -0.11492 -0.1875 3.0212 -0.0057853 0.014297 -1.1096
24.7 -0.13046 -0.18519 2.9941 0.01781 -0.012028 -0.84001
24.8 -0.14167 -0.18044 2.741 0.030552 -0.020136 -0.56669
24.9 -0.14579 -0.17689 2.4307 0.049235 -0.034063 -0.64057
25 -0.1462 -0.17447 1.7383 0.076849 -0.051442 -0.56174
25.1 -0.14207 -0.14513 1.431 0.091079 -0.062549 -0.66273
25.2 -0.1418 -0.14234 1.4752 0.12031 -0.093508 -0.81407
25.3 -0.133 -0.11095 1.2973 0.13311 -0.11058 -0.92778
25.4 -0.11833 -0.093701 0.86575 0.13822 -0.11668 -0.87191
25.5 -0.10426 -0.08054 0.75204 0.14914 -0.14033 -1.1385
25.6 -0.082875 -0.074918 0.25712 0.15039 -0.14272 -1.0872
25.7 -0.053743 -0.072565 0.080607 0.15029 -0.15043 -1.5844
25.8 -0.014246 -0.082642 -0.24981 0.14405 -0.16364 -2.0121
25.9 -0.00095132 -0.085437 -0.20722 0.13086 -0.187 -2.0846
26 0.037556 -0.091224 -0.14917 0.11269 -0.20363 -2.4003
26.1 0.088653 -0.095254 -0.078716 0.10014 -0.2058 -2.9707
26.2 0.11097 -0.099906 -0.20547 0.079033 -0.20554 3.1293
26.3 0.11388 -0.10083 -0.30852 0.074076 -0.20616 -3.0168
26.4 0.13792 -0.11368 -0.49082 0.04975 -0.20761 -3.0819
26.5 0.14662 -0.12066 -0.67608 0.024865 -0.20724 3.1264
26.6 0.15763 -0.1271 -0.52944 -0.0036052 -0.20586 3.0934
26.7 0.16369 -0.13237 -0.71566 -0.01153 -0.20593 -3.133
26.8 0.16659 -0.13973 -1.1949 -0.052862 -0.20116 3.0267
26.9 0.16121 -0.15781 -1.86 -0.074994 -0.20041 3.1074
27 0.13131 -0.18259 -2.4496 -0.09608 -0.19353 2.8262
27.1 0.12297 -0.18728 -2.6293 -0.12427 -0.18362 2.8036
27.2 0.089091 -0.18382 3.0398 -0.13618 -0.1565 1.9846
27.3 0.077669 -0.18112 2.9096 -0.14946 -0.12821 2.0097
27.4 0.042742 -0.16762 2.7728 -0.14972 -0.10489 1.5819
27.5 0.017248 -0.13768 2.2761 -0.15113 -0.074255 1.6166
27.6 -0.003694 -0.093132 2.0103 -0.1393 -0.052107 1.0804
27.7 -0.0071436 -0.075301 1.7619 -0.13139 -0.043235 0.84269
27.8 -0.0040557 -0.052162 1.4381 -0.1129 -0.029752 0.62984
27.9 0.0034224 -0.032439 1.2084 -0.090503 -0.023067 0.29012
28 0.014272 -0.01937 0.87791 -0.074684 -0.018869 0.25939
28.1 0.052691 -0.0032527 0.39722 -0.041131 -0.017856 0.030187
28.2 0.065108 0.0031291 0.47476 -0.019349 -0.018422 -0.025971
28.3 0.083011 0.00021159 -0.16154 0.036205 -0.023594 -0.092842
28.4 0.10442 -0.027746 -0.91732 0.044693 -0.027394 -0.4209
28.5 0.12373 -0.054687 -0.94892 0.064825 -0.035042 -0.36305
28.6 0.12551 -0.074009 -1.479 0.094559 -0.056143 -0.6172
28.7 0.11823 -0.10155 -1.829 0.11402 -0.072783 -0.70731
28.8 0.094055 -0.13049 -2.2668 0.13378 -0.08785 -0.65148
28.9 0.061308 -0.16028 -2.4034 0.14486 -0.10098 -0.8698
29 0.053714 -0.16558 -2.5328 0.17184 -0.1245 -0.71708
29.1 0.038276 -0.16728 -3.0315 0.17343 -0.12691 -0.98574
29.2 0.02044 -0.16142 2.8239 0.17347 -0.13617 -1.5669
29.3 0.0045194 -0.15607 2.8177 0.15597 -0.16665 -2.092
29.4 -0.023792 -0.15685 -3.1143 0.14125 -0.17533 -2.6091
29.5 -0.067261 -0.14339 2.8415 0.13375 -0.17844 -2.7479
29.6 -0.084968 -0.14086 2.9995 0.10713 -0.17342 2.9551
29.7 -0.10789 -0.1376 3.0002 0.074155 -0.16064 2.7719
29.8 -0.14197 -0.13815 -3.1254 0.018653 -0.14358 2.8436
29.9 -0.14463 -0.13783 3.0234 0.0056279 -0.14155 2.9869
